,0-4yrs,5-9yrs,10-14yrs,15-19yrs,20-24yrs,25-29yrs,30-34yrs,35-39yrs,40-44yrs,45-49yrs,50-54yrs,55-59yrs,60-64yrs,65-69yrs,70-74yrs,75+yrs
0,0.0,0.0,0.0,0.0,0.0,0.0,0.0,0.0,0.0,0.0,0.0,0.0,0.0,0.0,0.0,0.0
1,0.0,0.0,0.0,0.0,0.0,0.0,0.0,0.0,0.0,0.0,0.0,0.0,0.0,0.0,0.0,0.0
2,0.0,0.0,0.0,0.0,0.0,0.0,0.0,0.0,0.0,0.0,0.0,0.0,0.0,0.0,0.0,0.0
3,0.0,0.0,0.0,0.0,0.0,0.0,0.0,0.0,0.0,0.0,0.0,0.0,0.0,0.0,0.0,0.0
4,0.0,0.0,0.0,0.0,0.0,0.0,0.0,0.0,0.0,0.0,0.0,0.0,0.0,0.0,0.0,0.0
5,0.0,0.0,0.0,0.0,0.0,0.0,0.0,0.0,0.0,0.0,0.0,0.0,0.0,0.0,0.0,0.0
6,0.0,0.0,0.0,0.0,0.0,0.0,0.0,0.0,0.0,0.0,0.0,0.0,0.0,0.0,0.0,0.0
7,0.0,0.0,0.0,0.0,0.0,0.0,0.0,0.0,0.0,0.0,0.0,0.0,0.0,0.0,0.0,0.0
8,0.0,0.0,0.0,0.0,0.0,0.0,0.0,0.0,0.0,0.0,0.0,0.0,0.0,0.0,0.0,0.0
9,0.0,0.0,0.0,0.0,0.0,0.0,0.0,0.0,0.0,0.0,0.0,0.0,0.0,0.0,0.0,0.0
10,0.0,0.0,0.0,0.0,0.0,0.0,0.0,0.0,0.0,0.0,0.0,0.0,0.0,0.0,0.0,0.0
11,0.0,0.0,0.0,0.0,0.0,0.0,0.0,0.0,0.0,0.0,0.0,0.0,0.0,0.0,0.0,0.0
12,0.0,0.0,0.0,0.0,0.0,0.0,0.0,0.0,0.0,0.0,0.0,0.0,0.0,0.0,0.0,0.0
13,0.0,0.0,0.0,0.0,0.0,0.0,0.0,0.0,0.0,0.0,0.0,0.0,0.0,0.0,0.0,0.0
14,0.0,0.0,0.0,0.0,0.0,0.0,0.0,0.0,0.0,0.0,0.0,0.0,0.0,0.0,0.0,0.0
15,0.0,0.0,0.0,0.0,0.0,0.0,0.0,0.0,0.0,0.0,0.0,0.0,0.0,0.0,0.0,0.0
16,0.0,0.0,0.0,0.0,0.0,0.0,0.0,0.0,0.0,0.0,0.0,0.0,0.0,0.0,0.0,0.0
17,0.0,0.0,0.0,0.0,0.0,0.0,0.0,0.0,0.0,0.0,0.0,0.0,0.0,0.0,0.0,0.0
18,0.0,0.0,0.0,0.0,0.0,0.0,0.0,0.0,0.0,0.0,0.0,0.0,0.0,0.0,0.0,0.0
19,0.0,0.0,0.0,0.0,0.0,0.0,0.0,0.0,0.0,0.0,0.0,0.0,0.0,0.0,0.0,0.0
20,0.0,0.0,0.0,0.0,0.0,0.0,0.0,0.0,0.0,0.0,0.0,0.0,0.0,0.0,0.0,0.0
21,0.0,0.0,0.0,0.0,0.0,0.0,0.0,0.0,0.0,0.0,0.0,0.0,0.0,0.0,0.0,0.0
22,0.0,0.0,0.0,0.0,0.0,0.0,0.0,0.0,0.0,0.0,0.0,0.0,0.0,0.0,0.0,0.0
23,0.0,0.0,0.0,0.0,0.0,0.0,0.0,0.0,0.0,0.0,0.0,0.0,0.0,0.0,0.0,0.0
24,0.0,0.0,0.0,0.0,0.0,0.0,0.0,0.0,0.0,0.0,0.0,0.0,0.0,0.0,0.0,0.0
25,0.0,0.0,0.0,0.0,0.0,0.0,0.0,0.0,0.0,0.0,0.0,0.0,0.0,0.0,0.0,0.0
26,0.0,0.0,0.0,0.0,0.0,0.0,0.0,0.0,0.0,0.0,0.0,0.0,0.0,0.0,0.0,0.0
27,0.0,0.0,0.0,0.0,0.0,0.0,0.0,0.0,0.0,0.0,0.0,0.0,0.0,0.0,0.0,0.0
28,0.0,0.0,0.0,0.0,0.0,0.0,0.0,0.0,0.0,0.0,0.0,0.0,0.0,0.0,0.0,0.0
29,0.0,0.0,0.0,0.0,0.0,0.0,0.0,0.0,0.0,0.0,0.0,0.0,0.0,0.0,0.0,0.0
30,0.0,0.0,0.0,0.0,0.0,0.0,0.0,0.0,0.0,0.0,0.0,0.0,0.0,0.0,0.0,0.0
31,0.0,0.0,0.0,0.0,0.0,0.0,0.0,0.0,0.0,0.0,0.0,0.0,0.0,0.0,0.0,0.0
32,0.0,0.0,0.0,0.0,0.0,0.0,0.0,0.0,0.0,0.0,0.0,0.0,0.0,0.0,0.0,0.0
33,0.0,0.0,0.0,0.0,0.0,0.0,0.0,0.0,0.0,0.0,0.0,0.0,0.0,0.0,0.0,0.0
34,0.0,0.0,0.0,0.0,0.0,0.0,0.0,0.0,0.0,0.0,0.0,0.0,0.0,0.0,0.0,0.0
35,0.0,0.0,0.0,0.0,0.0,0.0,0.0,0.0,0.0,0.0,0.0,0.0,0.0,0.0,0.0,0.0
36,0.0,0.0,0.0,0.0,0.0,0.0,0.0,0.0,0.0,0.0,0.0,0.0,0.0,0.0,0.0,0.0
37,0.0,0.0,0.0,0.0,0.0,0.0,0.0,0.0,0.0,0.0,0.0,0.0,0.0,0.0,0.0,0.0
38,0.06339031525552741,0.06609969335725452,0.07210233670496329,0.08703336541219178,0.10792655872340595,0.111043730703838,0.0997572460771697,0.0869676037530657,0.07359054389422078,0.06211380445342053,0.0508318265959825,0.039641219929714,0.02833880454238049,0.021011743117491214,0.01617243942995449,0.016543847466998628
39,0.06339031525552741,0.06609969335725452,0.07210233670496329,0.08703336541219178,0.10792655872340595,0.111043730703838,0.0997572460771697,0.0869676037530657,0.07359054389422078,0.06211380445342053,0.0508318265959825,0.039641219929714,0.02833880454238049,0.021011743117491214,0.01617243942995449,0.016543847466998628
40,0.06339031525552741,0.06609969335725452,0.07210233670496329,0.08703336541219178,0.10792655872340595,0.111043730703838,0.0997572460771697,0.0869676037530657,0.07359054389422078,0.06211380445342053,0.0508318265959825,0.039641219929714,0.02833880454238049,0.021011743117491214,0.01617243942995449,0.016543847466998628
41,0.06339031525552741,0.06609969335725452,0.07210233670496329,0.08703336541219178,0.10792655872340595,0.111043730703838,0.0997572460771697,0.0869676037530657,0.07359054389422078,0.06211380445342053,0.0508318265959825,0.039641219929714,0.02833880454238049,0.021011743117491214,0.01617243942995449,0.016543847466998628
42,0.06339031525552741,0.06609969335725452,0.07210233670496329,0.08703336541219178,0.10792655872340595,0.111043730703838,0.0997572460771697,0.0869676037530657,0.07359054389422078,0.06211380445342053,0.0508318265959825,0.039641219929714,0.02833880454238049,0.021011743117491214,0.01617243942995449,0.016543847466998628
43,0.06339031525552741,0.06609969335725452,0.07210233670496329,0.08703336541219178,0.10792655872340595,0.111043730703838,0.0997572460771697,0.0869676037530657,0.07359054389422078,0.06211380445342053,0.0508318265959825,0.039641219929714,0.02833880454238049,0.021011743117491214,0.01617243942995449,0.016543847466998628
44,0.06339031525552741,0.06609969335725452,0.07210233670496329,0.08703336541219178,0.10792655872340595,0.111043730703838,0.0997572460771697,0.0869676037530657,0.07359054389422078,0.06211380445342053,0.0508318265959825,0.039641219929714,0.02833880454238049,0.021011743117491214,0.01617243942995449,0.016543847466998628
45,0.0,0.0,0.0,0.0,0.0,0.0,0.0,0.0,0.0,0.0,0.0,0.0,0.0,0.0,0.0,0.0
46,0.0,0.0,0.0,0.0,0.0,0.0,0.0,0.0,0.0,0.0,0.0,0.0,0.0,0.0,0.0,0.0
47,0.0,0.0,0.0,0.0,0.0,0.0,0.0,0.0,0.0,0.0,0.0,0.0,0.0,0.0,0.0,0.0
48,0.0,0.0,0.0,0.0,0.0,0.0,0.0,0.0,0.0,0.0,0.0,0.0,0.0,0.0,0.0,0.0
49,0.0,0.0,0.0,0.0,0.0,0.0,0.0,0.0,0.0,0.0,0.0,0.0,0.0,0.0,0.0,0.0
50,0.0,0.0,0.0,0.0,0.0,0.0,0.0,0.0,0.0,0.0,0.0,0.0,0.0,0.0,0.0,0.0
51,0.0,0.0,0.0,0.0,0.0,0.0,0.0,0.0,0.0,0.0,0.0,0.0,0.0,0.0,0.0,0.0
<<<<<<< Updated upstream
52,0.05071225220442194,0.05287975468580362,0.05768186936397065,0.06962669232975345,0.08634124697872476,0.08883498456307042,0.07980579686173574,0.06957408300245256,0.058872435115376605,0.04969104356273644,0.040665461276786004,0.03171297594377121,0.022671043633904396,0.016809394493992973,0.01293795154396359,0.013235077973598899
53,0.1859449247495471,0.19389243384794663,0.2115001876678924,0.2552978718757627,0.3165845722553241,0.32572827673125815,0.2926212551596977,0.25510497100899276,0.21586559542304753,0.1822004930633669,0.14910669134821536,0.11628091179382775,0.08312715999098277,0.06163444647797424,0.047439155661199835,0.0485286192365293
54,0.1859449247495471,0.19389243384794663,0.2115001876678924,0.2552978718757627,0.3165845722553241,0.32572827673125815,0.2926212551596977,0.25510497100899276,0.21586559542304753,0.1822004930633669,0.14910669134821536,0.11628091179382775,0.08312715999098277,0.06163444647797424,0.047439155661199835,0.0485286192365293
55,0.20284900881768775,0.21151901874321452,0.23072747745588265,0.27850676931901386,0.34536498791489906,0.3553399382522816,0.31922318744694295,0.2782963320098103,0.23548974046150642,0.19876417425094567,0.16266184510714407,0.12685190377508485,0.09068417453561758,0.0672375779759719,0.05175180617585436,0.052940311894395596
56,0.2197530928858284,0.2291456036384824,0.24995476724387283,0.3017156667622651,0.37414540357447396,0.3849515997733051,0.3458251197341882,0.3014876930106279,0.25511388549996533,0.21532785543852448,0.17621699886607273,0.1374228957563419,0.09824118908025238,0.07284070947396956,0.0560644566905089,0.0573520045522619
57,0.33808168136281297,0.35253169790535754,0.38454579575980435,0.46417794886502317,0.5756083131914984,0.5922332304204695,0.532038645744905,0.4638272200163505,0.39248290076917736,0.3312736237515761,0.2711030751785734,0.21141983962514135,0.15114029089269596,0.11206262995995317,0.08625301029309061,0.088233853157326
58,0.47331435390793813,0.4935443770675005,0.5383641140637261,0.6498491284110324,0.8058516384680977,0.8291265225886573,0.7448541040428669,0.6493581080228907,0.5494760610768483,0.4637830732522065,0.37954430525000277,0.29598777547519795,0.21159640724977433,0.15688768194393443,0.12075421441032685,0.1235273944202564
59,0.5409306901805006,0.5640507166485721,0.6152732732156869,0.742684718184037,0.9209733011063973,0.947573168672751,0.851261833191848,0.7421235520261609,0.6279726412306837,0.5300377980025218,0.4337649202857174,0.33827174340022614,0.24182446542831357,0.17930020793592508,0.138004816468945,0.1411741650517216
60,0.574738858316782,0.5993038864391078,0.6537278527916673,0.7891025130705392,0.978534132425547,1.006796491714798,0.9044656977663387,0.7885062740277958,0.6672209313076015,0.5631651603776794,0.4608752278035747,0.3594137273627403,0.2569384945175832,0.19050647093192039,0.14663011749825408,0.14999755036745416
61,0.6423551945893445,0.6698102260201794,0.7306370119436283,0.8819381028435439,1.0936557950638468,1.1252431377988918,1.0108734269153197,0.881271718031066,0.7457175114614369,0.6294198851279946,0.5150958428392894,0.4016976952877686,0.2871665526961224,0.212918996923911,0.16388071955687217,0.16764432099891938
62,0.8790123715433136,0.9165824145539296,0.9998190689754912,1.2068626670490599,1.4965816142978956,1.5398063990932205,1.3833004789367531,1.2059507720425113,1.020455541999861,0.8613114217540979,0.7048679954642907,0.5496915830253676,0.3929647563210096,0.29136283789587825,0.2242578267620356,0.2294080182090476
63,1.0311491281565792,1.0752216786113402,1.1728646770674032,1.4157427440383203,1.7556053552340696,1.8063113527824315,1.6227178695219604,1.4146730210498693,1.197072847345991,1.010384552442307,0.8268643792946487,0.6448305108566811,0.46097788722272276,0.3417910213778571,0.26307168139392634,0.2691132521298443
64,1.1156695484972823,1.1633546030876798,1.269001126007354,1.531787231254576,1.8995074335319444,1.9543696603875491,1.7557275309581868,1.5306298260539566,1.2951935725382853,1.0932029583802012,0.894640148089292,0.6976854707629665,0.4987629599458968,0.3698066788678454,0.284634933967199,0.29117171541917575
65,1.4875593979963764,1.5511394707835728,1.6920015013431389,2.042382975006101,2.532676578042593,2.605826213850065,2.3409700412775822,2.0408397680719417,1.7269247633843803,1.457603944506935,1.1928535307857226,0.9302472943506219,0.6650172799278623,0.4930755718237939,0.37951324528959873,0.38822895389223444
66,1.6904084068140641,1.7626584895267872,1.9227289787990214,2.3208897443251146,2.8780415659574916,2.961166152102347,2.6601932287245256,2.3191361000817525,1.962414503845887,1.6563681187578805,1.3555153758928669,1.0570991981257067,0.7557014544634798,0.5603131497997658,0.431265051465453,0.44116926578663
67,1.6566002386777825,1.7274053197362516,1.8842743992230406,2.2744719494386128,2.820480734638342,2.9019428290603,2.6069893641500346,2.2727533780801172,1.9231662137689691,1.623240756382723,1.3284050683750095,1.0359572141631925,0.7405874253742103,0.5491068868037704,0.42263975043614394,0.43234588047089734
68,1.8425451634273295,1.9212977535841982,2.095774586890933,2.5297698213143756,3.1370653068936662,3.227671105791558,2.899610619309733,2.5278583490891102,2.1390318091920166,1.80544124944609,1.477511759723225,1.15223812595702,0.8237145853651929,0.6107413332817446,0.47007890609734376,0.48087449970742663
69,2.2313390969945646,2.3267092061753587,2.538002252014708,3.063574462509152,3.7990148670638892,3.908739320775098,3.511455061916373,3.0612596521079127,2.59038714507657,2.1864059167604024,1.7892802961785843,1.3953709415259328,0.9975259198917934,0.7396133577356909,0.569269867934398,0.5823434308383515
70,2.451092189880393,2.5558548098138414,2.7879570192585805,3.365290129271417,4.1731602706383635,4.2936909205484035,3.857280181650562,3.36274734511854,2.8455010305765356,2.4017337721989267,1.965497295044657,1.5327938372822747,1.0957671089720458,0.8124540672096605,0.6253343246249069,0.6396954353906134
71,2.8736942915839094,2.996519432195538,3.2686392639583355,3.9455125653526957,4.8926706621277365,5.033982458573989,4.522328488831692,3.942531370138979,3.336104656538008,2.815825801888397,2.3043761390178736,1.7970686368137012,1.2846924725879154,0.9525323546596017,0.7331505874912702,0.7499877518372708
72,2.856790207515769,2.9788928473002705,3.249411974170345,3.922303667909444,4.863890246468162,5.0043707970529665,4.495726556544448,3.919340009138161,3.3164805114995493,2.799262120700818,2.290820985258945,1.786497644832444,1.277135458043281,0.946929223161604,0.7288379369766156,0.7455760591794046
73,3.2117759729467226,3.3490511301008956,3.6531850597181394,4.4096905142177185,5.468278975319236,5.626215688994459,5.054367134576599,4.406358590155329,3.7285875573071854,3.1470994256399734,2.5754792141964464,2.0084884764388424,1.4358327634806116,1.0645949846195548,0.8194035977843608,0.8382216049945971
74,3.2793923092192854,3.419557469681967,3.7300942188701,4.502526103990723,5.583400637957536,5.744662335078552,5.16077486372558,4.499124034158599,3.8070841374610205,3.2133541503902885,2.629699829232161,2.050772444363871,1.4660608216591506,1.0870075106115453,0.836654199842979,0.8558683756260622
75,3.2793923092192854,3.419557469681967,3.7300942188701,4.502526103990723,5.583400637957537,5.744662335078552,5.160774863725579,4.499124034158599,3.8070841374610205,3.2133541503902885,2.629699829232161,2.0507724443638713,1.4660608216591509,1.0870075106115453,0.8366541998429788,0.8558683756260624
76,3.1779678048104407,3.3137979603103602,3.614730480142159,4.363272719331216,5.4107181440000875,5.566992365952411,5.001163270002108,4.359975868153694,3.6893392672302667,3.1139720632648156,2.5483689066785895,1.9873464924763289,1.420718734391342,1.0533887216235593,0.8107782967550516,0.8293982196788646
77,3.0258310481971753,3.155158696252949,3.4416848720502466,4.154392642341955,5.151694403063913,5.300487412263201,4.7617458794169005,4.1512536191463365,3.5127219618841363,2.9648989325766064,2.426372522848232,1.8922075646450156,1.3527056034896294,1.0029605381415805,0.7719644421231608,0.7896929857580679
78,2.822982039379487,2.9436396775097338,3.2109573945943644,3.8758858730229426,4.806329415149014,4.945147474010921,4.442522691969958,3.872957287136526,3.2772322214226293,2.7661347583256615,2.263710677741088,1.7653556608699306,1.2620214289540121,0.9357229601656084,0.7202126359473064,0.7367526738636724
79,2.8736942915839085,2.9965194321955377,3.2686392639583355,3.9455125653526966,4.892670662127739,5.03398245857399,4.522328488831694,3.9425313701389797,3.336104656538005,2.8158258018883973,2.3043761390178745,1.797068636813702,1.2846924725879165,0.9525323546596015,0.73315058749127,0.7499877518372712
80,2.518708526152955,2.626361149394913,2.864866178410541,3.4581257190444226,4.288281933276664,4.412137566632497,3.9636879107995426,3.455512789121812,2.92399761073037,2.4679884969492423,2.0197179100803724,1.5750778052073033,1.1259951671505857,0.8348665932016505,0.642584926683525,0.6573422060220787
81,2.8060779553113457,2.926013092614466,3.1917301048063758,3.8526769755796915,4.777548999489438,4.915535812489897,4.415920759682711,3.849765926135711,3.25760807638417,2.7495710771380817,2.2501555239821607,1.7547846688886735,1.254464414409377,0.930119828667611,0.7158999854326519,0.732340981205806
82,3.786514831263503,3.948355016540003,4.306912912509808,5.198793027288259,6.446813107744782,6.633012180709258,5.958832832342935,5.194864864183127,4.395808488614785,3.710264586017653,3.036354442000023,2.3679022038015836,1.6927712579981953,1.2551014555514752,0.9660337152826148,0.9882191553620514
83,3.9386515878767687,4.106994280597414,4.47995852060172,5.407673104277519,6.705836848680955,6.89951713439847,6.198250222928142,5.403587113190485,4.572425793960916,3.8593377167058622,3.1583508258303814,2.4630411316328966,1.7607843888999082,1.305529639033454,1.0048475699145054,1.027924389282848
84,4.141500596694456,4.31851329934063,4.7106859980576035,5.686179873596534,7.0512018365958555,7.254857072650749,6.517473410375083,5.681883445200294,4.807915534422422,4.0581018909568085,3.321012670937525,2.589893035407982,1.851468563435525,1.3727672170094258,1.0565993760903598,1.0808647011772436
85,4.817663959420082,5.023576695151344,5.479777589577211,6.614535771326579,8.202418462978853,8.439323533491688,7.581550701864894,6.609537885232996,5.592881335960777,4.720649138459961,3.863218821294672,3.012732714658265,2.153749145220917,1.5968924769293322,1.229105396676541,1.2573324074918955
86,4.885280295692644,5.094083034732415,5.556686748729171,6.707371361099583,8.317540125617152,8.557770179575781,7.687958431013874,6.702303329236265,5.671377916114613,4.786903863210276,3.9174394363303864,3.055016682583293,2.1839772033994556,1.619305002921323,1.2463559987351593,1.2749791781233604
87,5.798100835372239,6.045918619076881,6.5949603972806425,7.960651823035145,9.8716825712342,10.15679990171105,9.124462774525117,7.954636823280412,6.731081748191392,5.681342647339532,4.649417739312535,3.6258502495711755,2.5920559888097356,1.9218741038131963,1.4792391265265041,1.5132105816481407
88,6.558784618438567,6.839114939363937,7.4601884377402,9.005052207981448,11.166801275915072,11.489324670157107,10.321549727451156,8.9982480683172,7.614168274922043,6.42670830078058,5.259399658464325,4.1015448887277435,2.9321216433183017,2.1740150212230906,1.6733083996859581,1.711736751252124
89,6.305223357416458,6.574716165934918,7.1717790909203485,8.656918746332678,10.735095041021449,11.045149747341755,9.922520743142476,8.65037765330494,7.3198060993451595,6.178253082966896,5.056072352080396,3.942980009008888,2.81876642514878,2.089968048753126,1.60861864196614,1.6455613613841298
90,6.62640095471113,6.909621278945006,7.5370975968921625,9.097887797754451,11.28192293855337,11.6077713162412,10.427957456600137,9.09101351232047,7.692664855075877,6.492963025530893,5.313620273500041,4.143828856652773,2.9623497014968407,2.196427547215081,1.6905590017445762,1.7293835218835893
91,6.930674467937662,7.226899807059827,7.8831888130759875,9.515647951732971,11.79997042042572,12.140781223619626,10.906792237770551,9.508458010335188,8.045899465768139,6.791109286907313,5.557613041160756,4.334106712315401,3.0983759633002674,2.2972839141790398,1.7681867110083576,1.808793989725183
92,6.457360114029724,6.7333554299923275,7.344824699012262,8.86579882332194,10.994118781957619,11.31165470103097,10.161938133727684,8.859099902312295,7.496423404691291,6.327326213655106,5.178068735910754,4.038118936840202,2.8867795560504925,2.1403962322351058,1.6474324965980307,1.685266595304927
93,6.541880534370429,6.821488354468668,7.440961147952213,8.981843310538194,11.138020860255494,11.459713008636088,10.294947795163912,8.975056707316384,7.594544129883583,6.4101446195930025,5.2458445047053965,4.090973896746488,2.924564628773667,2.1684118897250935,1.6689957491713032,1.707325058594259
94,5.747388583167819,5.9930388643910755,6.537278527916671,7.891025130705389,9.785341324255471,10.067964917147984,9.044656977663388,7.885062740277959,6.6722093130760145,5.631651603776798,4.608752278035747,3.594137273627404,2.569384945175831,1.9050647093192044,1.46630117498254,1.4999755036745424
95,5.2571701451917425,5.4818679024283075,5.979687124064957,7.2179671048511045,8.950709270127797,9.209226733038301,8.273200941333272,7.212513271254251,6.103109106960706,5.151304849337011,4.2156528190268165,3.287578506170949,2.3502315233814213,1.7425738958772723,1.3412343100575583,1.3720364165964192
96,4.716239455011242,4.917817185779735,5.3644138508492665,6.475282386667069,8.029735969021399,8.261653564365547,7.421939108141426,6.470389719228089,5.475136465730019,4.621267051334491,3.7818878987410978,2.9493067627707217,2.108407057953108,1.5632736879413471,1.2032294935886136,1.2308622515446968
97,4.124596512626321,4.300886714445361,4.691458708269607,5.66297097615328,7.0224214209362765,7.225245411129724,6.490871478087842,5.658692084199474,4.788291389383959,4.041538209769233,3.307457517178595,2.5793220434267243,1.84391154889089,1.3671640855114293,1.0522867255757054,1.0764530085193762
98,3.6850903268546653,3.8425955071683973,4.191549173781859,5.059539642628749,6.274130613787333,6.455342211583111,5.799221238619465,5.055716698178218,4.278063618384026,3.610882498892181,2.95502351944645,2.304476251914039,1.6474291707303854,1.22148266656349,0.9401578121946882,0.9617489994148524
99,3.9386515878767745,4.106994280597418,4.479958520601713,5.407673104277515,6.705836848680958,6.899517134398459,6.198250222928144,5.4035871131904845,4.572425793960909,3.859337716705864,3.15835082583038,2.4630411316328957,1.760784388899907,1.3055296390334539,1.004847569914506,1.0279243892828467
100,3.871035251604212,4.036487941016345,4.403049361449754,5.3148375145045135,6.590715186042656,6.781070488314364,6.091842493779162,5.310821669187212,4.4939292138070766,3.7930829919555475,3.104130210794667,2.4207571637078678,1.7305563307213683,1.2831171130414643,0.987596967855888,1.0102776186513813
101,4.107692428558181,4.2832601295500945,4.672231418481617,5.639762078710029,6.993641005276702,7.195633749608691,6.464269545800598,5.635500723198654,4.768667244345502,4.024974528581652,3.293902363419668,2.568751051445468,1.8363545343462562,1.3615609540134312,1.047974075061052,1.0720413158615096
102,3.8372270834679307,4.001234771225809,4.364594781873775,5.268419719618014,6.533154354723507,6.721847165272314,6.038638629204679,5.2644389471855755,4.4546809237301614,3.7599556295803933,3.07701990327681,2.3996151797453558,1.7154423016320988,1.2719108500454692,0.9789716668265801,1.001454233335649
103,4.040076092285618,4.212753789969026,4.5953222593296585,5.546926488937028,6.878519342638405,7.0771871035246,6.357861816651625,5.5427352791953854,4.690170664191669,3.958719803831339,3.239681748383956,2.52646708352044,1.8061264761677174,1.3391484280214405,1.030723473002434,1.0543945452300452
104,3.8203229993997883,3.9836081863305424,4.345367492085789,5.245210822174763,6.504373939063933,6.692235503751298,6.01203669691744,5.24124758618476,4.435056778691704,3.7433919483928144,3.063464749517883,2.3890441877640973,1.7078852870874661,1.2663077185474714,0.9746590163119241,0.9970425406777841
105,4.1415005966944625,4.318513299340631,4.710685998057605,5.686179873596537,7.051201836595851,7.254857072650744,6.517473410375097,5.681883445200291,4.807915534422425,4.058101890956814,3.3210126709375265,2.5898930354079823,1.8514685634355277,1.3727672170094272,1.0565993760903598,1.0808647011772439
106,3.7696107471953684,3.9307284316447357,4.28768562272182,5.175584129845013,6.418032692085205,6.603400519188232,5.932230900055702,5.171673503182303,4.376184343576329,3.693700904830081,3.022799288241095,2.3573312118203256,1.685214243453562,1.2494983240534796,0.96172106476796,0.9838074627041848
107,3.2793923092192876,3.419557469681966,3.730094218870103,4.502526103990728,5.5834006379575305,5.744662335078552,5.160774863725591,4.499124034158598,3.8070841374610205,3.213354150390294,2.629699829232164,2.05077244436387,1.4660608216591515,1.0870075106115473,0.8366541998429783,0.8558683756260622
108,2.9244065437883364,3.0493991868813413,3.326321133322312,4.015139257682457,4.979011909106459,5.122817443137064,4.602134285693434,4.01210545314143,3.3949770916533857,2.8655168454511357,2.3450416002946617,1.8287816127574712,1.3073635162218207,0.9693417491535966,0.7460885390352325,0.7632228298108704
109,2.704653450902506,2.8202535832428572,3.076366366078438,3.7134235909201925,4.604866505531983,4.737865843363758,4.256309165959245,3.7106177601307997,3.1398632061534175,2.650188990012611,2.1688246014285864,1.6913587170011286,1.2091223271415694,0.8965010396796274,0.6900240823447236,0.7058708252586082
110,2.1806268447901482,2.273829451489551,2.4803203826507416,2.9939477701794073,3.7126736200851593,3.8199043362120295,3.431649265054643,2.9916855691054542,2.5315147099611943,2.1367148731976653,1.748614834901795,1.3636579655821615,0.9748548762578894,0.7228039632417003,0.5563319163904339,0.5691083528647525
111,2.1806268447901482,2.273829451489551,2.4803203826507416,2.9939477701794033,3.7126736200851593,3.8199043362120295,3.431649265054643,2.9916855691054542,2.5315147099611943,2.1367148731976653,1.748614834901795,1.3636579655821615,0.9748548762578894,0.7228039632417003,0.5563319163904339,0.5691083528647525
112,1.9946819200405994,2.079937017641604,2.268820194982847,2.7386498983036387,3.3960890478298404,3.4941760594807727,3.1390280098949495,2.7365805980964604,2.3156491145381444,1.9545143801342988,1.599508143553582,1.2473770537883329,0.8917277162669056,0.6611695167637259,0.508892760729234,0.5205797336282225
113,1.6566002386777865,1.7274053197362451,1.8842743992230413,2.274471949438614,2.820480734638344,2.901942829060301,2.606989364150041,2.2727533780801132,1.9231662137689673,1.6232407563827198,1.3284050683750073,1.035957214163192,0.7405874253742094,0.5491068868037731,0.42263975043614316,0.4323458804708967
114,1.7580247430866305,1.833164829107854,1.9996381379509833,2.4137253340981237,2.9931632285957983,3.079612798186442,2.7666009578735093,2.4119015440850142,2.040911083999723,1.7226228435081947,1.4097359909285794,1.0993831660507343,0.7859295126420197,0.5827256757917587,0.44851565352407113,0.45881603641809426
115,1.8256410793591928,1.9036711686889265,2.076547297102942,2.5065609238711284,3.108284891234096,3.198059444270533,2.873008687022491,2.5046669880882866,2.119407664153556,1.7888775682585114,1.4639566059642968,1.1416671339757625,0.8161575708205585,0.6051382017837496,0.4657662555826891,0.4764628070495596
116,1.9946819200405994,2.079937017641604,2.268820194982843,2.7386498983036387,3.396089047829849,3.4941760594807727,3.139028009894941,2.7365805980964604,2.3156491145381444,1.9545143801342988,1.5995081435535863,1.2473770537883329,0.8917277162669056,0.6611695167637249,0.508892760729234,0.5205797336282225
117,2.4510921898803946,2.5558548098138374,2.7879570192585765,3.365290129271419,4.173160270638375,4.293690920548402,3.857280181650562,3.3627473451185375,2.8455010305765347,2.4017337721989276,1.9654972950446603,1.532793837282272,1.0957671089720467,0.8124540672096613,0.6253343246249058,0.6396954353906129
118,2.569420778357381,2.679240904080712,2.9225480477745083,3.5277524113741783,4.374623180255396,4.500972551195567,4.043493707661274,3.5250868721242585,2.9828700458457473,2.5176795405119776,2.0603833713571595,1.6067907811510724,1.1486662107844896,0.8516759876956438,0.6555228782274877,0.6705772839956765
119,2.4003799376759747,2.502975055128035,2.730275149894607,3.2956634369416684,4.086819023659643,4.204855935985328,3.7774743847888237,3.2931732621160887,2.786628595461159,2.35204272863619,1.9248318337678703,1.501080861338502,1.0730960653381427,0.7956446727156674,0.6123963730809427,0.6264603574170137
120,2.7384616190387874,2.8555067530333935,3.114820945654413,3.7598413858066886,4.66242733685114,4.797089166405799,4.309513030533732,3.7570004821324363,3.179111496230336,2.683316352387769,2.195934908946445,1.7125007009636448,1.2242363562308387,0.9077073026756202,0.6986493833740336,0.7146942105743394
121,2.6370371146299436,2.7497472436617847,2.999457206926471,3.6205880011471794,4.4897448428936855,4.619419197279659,4.149901436810263,3.6178523161275313,3.06136662599958,2.583934265262294,2.114603986392873,1.6490747490761026,1.1788942689630286,0.8740885136876345,0.6727734802861056,0.6882240546271419
122,2.6201330305618007,2.7321206587665188,2.980229917138481,3.597379103703929,4.460964427234111,4.589807535758633,4.12329950452302,3.5946609551267152,3.041742480961123,2.567370584074715,2.101048832633942,1.6385037570948466,1.1713372544183938,0.8684853821896367,0.6684608297714517,0.6838123619692758
123,2.569420778357381,2.6792409040807166,2.9225480477745123,3.5277524113741783,4.374623180255379,4.500972551195559,4.043493707661282,3.5250868721242665,2.9828700458457473,2.5176795405119776,2.0603833713571555,1.6067907811510764,1.1486662107844896,0.8516759876956448,0.6555228782274877,0.6705772839956775
124,2.5356126102211,2.6439877342901803,2.884093468198533,3.481334616487678,4.317062348936231,4.441749228153518,3.9902898430867872,3.4787041501226263,2.9436217557688287,2.4845521781368194,2.033273063839301,1.5856487971885624,1.1335521816952183,0.840469724699651,0.6468975771981788,0.6617538986799454
125,2.653941198698082,2.767373828557055,3.0186844967144646,3.6437968985904376,4.51852525855326,4.649030858800684,4.1765033690975075,3.6410436771283474,3.0809907710380378,2.6004979464498734,2.1281591401518045,1.6596457410573626,1.1864512835076613,0.8796916451856346,0.6770861308007606,0.692635747285009
126,2.518708526152957,2.62636114939491,2.8648661784105474,3.458125719044428,4.288281933276656,4.412137566632501,3.9636879107995435,3.455512789121802,2.9239976107303716,2.46798849694924,2.0197179100803777,1.5750778052073062,1.1259951671505815,0.834866593201653,0.6425849266835237,0.6573422060220793
127,2.467996273948537,2.5734813947091078,2.807184309046574,3.388499026714677,4.201940686297933,4.323302582069435,3.8838821139378052,3.3859387061193535,2.865125175614992,2.418297453386503,1.9790524488035917,1.5433648292635342,1.1033241235166773,0.8180571987076591,0.6296469751395607,0.644107128048481
128,2.6370371146299436,2.749747243661789,2.999457206926475,3.6205880011471874,4.4897448428936855,4.619419197279667,4.149901436810255,3.6178523161275313,3.0613666259995846,2.58393426526229,2.114603986392877,1.6490747490761066,1.1788942689630264,0.8740885136876345,0.6727734802861066,0.6882240546271439
129,2.569420778357381,2.6792409040807166,2.9225480477745123,3.5277524113741783,4.374623180255388,4.500972551195575,4.043493707661274,3.5250868721242585,2.9828700458457513,2.5176795405119736,2.060383371357164,1.6067907811510784,1.1486662107844876,0.8516759876956428,0.6555228782274887,0.6705772839956785
130,2.484900358016676,2.5911079796043777,2.82641159883456,3.4117079241579193,4.230721101957515,4.35291424359046,3.9104840462250485,3.4091300671201696,2.8847493206534613,2.434861134574078,1.992607602562519,1.5539358212447942,1.1108811380613142,0.8236603302056531,0.6339596256542167,0.6485188207063471
131,2.248243181062707,2.3443357910706277,2.557229541802696,3.0867833599524,3.827795282723465,3.9383509822961287,3.538056994203617,3.084451013108727,2.6100112901150396,2.2029695979479738,1.8028354499375163,1.4059419335071976,1.0050829344364283,0.7452164892336839,0.5735825184490538,0.5867551234962188
132,2.1299145925857244,2.220949696803753,2.4226385132867643,2.9243210778496405,3.626332373106436,3.731069351648963,3.3518434681928966,2.922111486103006,2.472642274845831,2.0870238296349197,1.7079493736250129,1.3319449896383975,0.9521838326239853,0.7059945687477003,0.543393964846472,0.5558732748911552
133,2.231339096994568,2.326709206175362,2.5380022520147025,3.0635744625091497,3.799014867063891,3.908739320775104,3.511455061916365,3.061259652107911,2.5903871450765825,2.186405916760395,1.789280296178585,1.3953709415259417,0.9975259198917955,0.7396133577356859,0.5692698679343999,0.5823434308383527
134,2.1637227607220058,2.2562028665942933,2.4610930928627437,2.970738872736149,3.6838932044255848,3.790292674691005,3.4050473327673836,2.968494208104638,2.5118905649227536,2.120151192010078,1.7350596811428716,1.3530869736009135,0.9672978617132567,0.7172008317436962,0.5520192658757809,0.5646966602068864
135,2.772269787175069,2.8907599228239382,3.1532755252303963,3.806259180693189,4.719988168170281,4.856312489447849,4.362716895108211,3.8033832041340685,3.218359786307271,2.716443714762915,2.2230452164643038,1.733642684926167,1.2393503853201082,0.918913565671612,0.7072746844033436,0.7235175958900736
136,2.5525166942892423,2.661614319185458,2.903320757986527,3.5045435139309284,4.3458427645958055,4.471360889674543,4.016891775374022,3.5018955111234424,2.963245900807302,2.5011158593243943,2.0468282175982324,1.5962197891698224,1.141109196239855,0.8460728561976428,0.6512102277128348,0.6661655913378125
137,2.518708526152961,2.626361149394918,2.8648661784105474,3.458125719044428,4.288281933276656,4.412137566632493,3.9636879107995355,3.45551278912181,2.9239976107303796,2.46798849694924,2.0197179100803737,1.5750778052073062,1.1259951671505857,0.8348665932016489,0.6425849266835247,0.6573422060220803
138,2.417284021744121,2.520601640023313,2.749502439682609,3.3188723343849182,4.11559943931921,4.234467597506352,3.804076317076067,3.316364623116905,2.80625274049962,2.3686064098237694,1.9383869875268016,1.511651853319762,1.0806530798827774,0.8012478042136634,0.6167090235955968,0.6308720500748818
139,2.4679962739485455,2.5734813947091197,2.807184309046574,3.388499026714677,4.201940686297933,4.323302582069418,3.8838821139378052,3.3859387061193615,2.865125175614992,2.418297453386507,1.9790524488035877,1.5433648292635342,1.1033241235166815,0.8180571987076571,0.6296469751395607,0.64410712804848
140,2.434188105812264,2.5382282249185875,2.768729729470595,3.3420812318281685,4.1443798549787845,4.264079259027369,3.8306782493633187,3.3395559841177294,2.825876885538069,2.3851700910113487,1.951942141285729,1.522222845301018,1.088210094427412,0.8068509357116612,0.6210216741102508,0.6352837427327468
141,2.2313390969945766,2.32670920617537,2.5380022520147105,3.0635744625091497,3.799014867063891,3.9087393207750876,3.511455061916373,3.061259652107919,2.590387145076558,2.186405916760403,1.789280296178585,1.3953709415259337,0.9975259198917935,0.7396133577356879,0.5692698679343958,0.5823434308383517
142,1.453751229860107,1.5158863009930477,1.653546921767161,1.9959651801195994,2.4751157467234424,2.5466028908080114,2.2877661767030952,1.994457046070311,1.687676473307452,1.4244765821317824,1.1657432232678673,0.9091053103881076,0.6499032508385929,0.48186930882779677,0.3708879442602872,0.37940556857650165
143,1.453751229860103,1.5158863009930477,1.653546921767161,1.9959651801195994,2.4751157467234424,2.5466028908080114,2.2877661767030952,1.994457046070311,1.687676473307452,1.4244765821317824,1.1657432232678673,0.9091053103881076,0.6499032508385929,0.48186930882779677,0.3708879442602872,0.37940556857650165
144,1.4199430617238258,1.4806331312025154,1.6150923421911816,1.9495473852330991,2.4175549154042932,2.48737956776597,2.2345623121286002,1.9480743240686706,1.6484281832305376,1.39134921975662,1.1386329157500126,0.8879633264255956,0.6347892217493235,0.4706630458318009,0.3622626432309793,0.3705821832607675
145,1.3354226413831205,1.3925002067261727,1.5189558932512293,1.833502898016848,2.2736528371064133,2.339321260160854,2.1015526506923754,1.8321175190645818,1.5503074580382434,1.3085308138187284,1.0708571469553678,0.8351083665193114,0.597004149026148,0.4426473883418132,0.3406993906577063,0.348523719971437
146,1.031149128156585,1.0752216786113504,1.172864677067407,1.41574274403832,1.7556053552340651,1.806311352782432,1.6227178695219615,1.4146730210498666,1.1970728473459888,1.0103845524423118,0.8268643792946518,0.6448305108566826,0.4609778872227212,0.3417910213778543,0.26307168139392445,0.26911325212984344
147,0.8790123715433212,0.9165824145539351,0.9998190689754958,1.2068626670490599,1.496581614297887,1.539806399093225,1.3833004789367547,1.205950772042513,1.0204555419998655,0.8613114217541035,0.7048679954642937,0.5496915830253702,0.3929647563210068,0.29136283789587686,0.2242578267620335,0.2294080182090466
148,0.8113960352707588,0.8460760749728625,0.922909909823537,1.114027077276059,1.3814599516595811,1.4213597530091338,1.276892749787781,1.1131853280392403,0.9419589618460285,0.795056697003791,0.6506473804285763,0.507407615100342,0.36273669814246795,0.2689503119038871,0.20700722470341557,0.21176124757758227
149,0.845204203407044,0.8813292447633947,0.9613644893995164,1.1604448721625593,1.4390207829787383,1.4805830760511753,1.3300966143622677,1.1595680500408807,0.981207251922943,0.8281840593789492,0.677757687946431,0.5285495990628581,0.3778507272317374,0.280156574899883,0.21563252573272557,0.22058463289331445
150,0.895916455611468,0.9342089994491971,1.0190463587634895,1.23007156449231,1.5253620299574615,1.5694180606142498,1.4099024112240062,1.2291421330433292,1.0400796870383229,0.8778751029416867,0.718423149223217,0.5602625750066303,0.4005217708656415,0.2969659693938768,0.22857047727668853,0.2338197108669127
151,0.709971530861919,0.7403165656012496,0.807546171095599,0.9747736926165415,1.2087774577021346,1.2436897838829932,1.1172811560643123,0.9740371620343434,0.8242140916152769,0.6956746098783242,0.5693164578750002,0.44398166321280186,0.3173946108746577,0.23533152291590348,0.1811313216154876,0.18529109163038374
152,0.659259278657495,0.6874368109154473,0.7498643017316259,0.9051470002867826,1.1224362107234112,1.1548547993199187,1.037475359202574,0.9044630790318949,0.7653416564999053,0.6459835663155867,0.5286509965982142,0.4122686872690297,0.2947235672407536,0.21852212842190966,0.16819337007152463,0.17205601365678344
153,0.6423551945893564,0.669810226020177,0.7306370119436403,0.8819381028435325,1.0936557950638368,1.125243137798902,1.0108734269153306,0.8812717180310788,0.745717511461448,0.6294198851280076,0.5150958428392869,0.40169769528777366,0.28716655269611885,0.21291899692391375,0.16388071955686964,0.16764432099891735
154,0.709971530861919,0.7403165656012496,0.807546171095599,0.9747736926165415,1.2087774577021346,1.2436897838829932,1.1172811560643123,0.9740371620343434,0.8242140916152769,0.6956746098783242,0.5693164578750002,0.44398166321280186,0.3173946108746577,0.23533152291590348,0.1811313216154876,0.18529109163038374
155,0.6423551945893564,0.669810226020177,0.7306370119436403,0.8819381028435325,1.0936557950638368,1.125243137798902,1.0108734269153306,0.8812717180310788,0.745717511461448,0.6294198851280076,0.5150958428392869,0.40169769528777366,0.28716655269611885,0.21291899692391375,0.16388071955686964,0.16764432099891735
156,0.5578347742486471,0.5816773015438425,0.6345005630036878,0.7658936156272814,0.9497537167659564,0.9771848301937861,0.8778637654791055,0.76531491302699,0.6475967862691537,0.5466014791901118,0.44732007404464624,0.3488427353814854,0.24938147997294532,0.18490333943392404,0.14231746698359668,0.14558585770958693
157,0.4902184379760846,0.5111709619627699,0.557591403851721,0.6730580258542724,0.8346320541276587,0.8587381841096869,0.7714560363301237,0.6725494690237254,0.5691002061153166,0.4803467544397953,0.39309945900892884,0.30655876745645727,0.2191534217944065,0.16249081344193225,0.1250668649249787,0.12793908707812054
158,0.45641026983979927,0.4759177921722377,0.5191368242757416,0.626640230967772,0.7770712228085098,0.7995148610676373,0.7182521717556288,0.6261667470220849,0.5298519160383941,0.44721939206463696,0.36598915149107014,0.2854167834939411,0.2040393927051371,0.15128455044593636,0.11644156389567074,0.11911570176238838
159,0.6254511105212097,0.652183641124915,0.7114097221556465,0.8587292054002903,1.0648753794042622,1.0956314762778772,0.9842714946280792,0.8580803570302545,0.7260933664229826,0.6128562039404203,0.5015406890803595,0.3911267033065136,0.2796095381514862,0.20731586542591376,0.15956806904221668,0.16323262834105126
160,0.5916429423849243,0.6169304713343828,0.6729551425796672,0.81231141051379,1.0073145480851136,1.0364081532358276,0.9310676300535842,0.8116976350286141,0.6868450763460601,0.579728841565262,0.4744303815625009,0.36998471934399746,0.2644955090622168,0.19610960242991787,0.1509427680129087,0.15440924302531908
161,0.5240266061123618,0.5464241317533103,0.5960459834277084,0.719475820740781,0.8921928854468157,0.9179615071517365,0.8246599009046024,0.7189321910253496,0.6083484961922311,0.5134741168149455,0.42020976652678754,0.3277007514189693,0.23426745088367795,0.17369707643792814,0.13369216595429073,0.13676247239385272
162,0.5409306901805004,0.5640507166485804,0.615273273215694,0.7426847181840311,0.9209733011063902,0.9475731686727532,0.8512618331918459,0.7421235520261656,0.6279726412306884,0.5300377980025246,0.43376492028571484,0.3382717434002253,0.24182446542831265,0.17930020793592405,0.13800481646894575,0.14117416505171881
163,0.5409306901805004,0.5640507166485804,0.615273273215694,0.7426847181840311,0.9209733011063902,0.9475731686727532,0.8512618331918459,0.7421235520261656,0.6279726412306884,0.5300377980025246,0.43376492028571484,0.3382717434002253,0.24182446542831265,0.17930020793592405,0.13800481646894575,0.14117416505171881
164,0.5409306901805004,0.5640507166485804,0.615273273215694,0.7426847181840311,0.9209733011063902,0.9475731686727532,0.8512618331918459,0.7421235520261656,0.6279726412306884,0.5300377980025246,0.43376492028571484,0.3382717434002253,0.24182446542831265,0.17930020793592405,0.13800481646894575,0.14117416505171881
165,0.6592592786574869,0.6874368109154554,0.7498643017316259,0.9051470002867907,1.1224362107234112,1.1548547993199187,1.0374753592025658,0.9044630790318868,0.7653416564999053,0.6459835663155786,0.5286509965982182,0.41226868726902566,0.2947235672407556,0.21852212842190763,0.16819337007152665,0.17205601365678344
166,0.47331435390793786,0.49354437706750787,0.5383641140637353,0.6498491284110222,0.8058516384680843,0.829126522588662,0.7448541040428722,0.6493581080229011,0.5494760610768594,0.4637830732522161,0.3795443052500015,0.29598777547519717,0.2115964072497718,0.1568876819439343,0.12075421441032574,0.12352739442025447
167,0.5747388583167857,0.5993038864391126,0.6537278527916734,0.7891025130705316,0.9785341324255309,1.006796491714803,0.9044656977663489,0.788506274027806,0.667220931307611,0.563165160377691,0.46087522780357354,0.35941372736274146,0.25693849451758005,0.19050647093191994,0.14663011749825167,0.14999755036745302
168,0.5747388583167857,0.5993038864391126,0.6537278527916734,0.7891025130705316,0.9785341324255309,1.006796491714803,0.9044656977663489,0.788506274027806,0.667220931307611,0.563165160377691,0.46087522780357354,0.35941372736274146,0.25693849451758005,0.19050647093191994,0.14663011749825167,0.14999755036745302
169,0.6423551945893483,0.6698102260201851,0.7306370119436403,0.8819381028435406,1.0936557950638286,1.125243137798902,1.0108734269153306,0.8812717180310707,0.745717511461448,0.6294198851280076,0.515095842839291,0.4016976952877696,0.28716655269611885,0.21291899692391172,0.16388071955686964,0.16764432099891938
170,0.8113960352707588,0.8460760749728625,0.922909909823537,1.1140270772760508,1.3814599516595811,1.421359753009142,1.276892749787781,1.1131853280392485,0.9419589618460366,0.795056697003791,0.6506473804285763,0.507407615100342,0.36273669814246795,0.2689503119038891,0.20700722470341557,0.21176124757758227
171,0.8621082874751826,0.8989558296586649,0.9805917791875102,1.1836537696058096,1.4678011986383044,1.5101947375722165,1.3566985466495194,1.182759411041697,1.0008313969614082,0.8447477405665283,0.6913128417053623,0.5391205910441143,0.3854077417763721,0.28575970639788295,0.21994517624737853,0.22499632555118257
172,0.8113960352707588,0.8460760749728625,0.922909909823537,1.114027077276059,1.3814599516595811,1.421359753009142,1.276892749787781,1.1131853280392485,0.9419589618460285,0.795056697003791,0.6506473804285763,0.507407615100342,0.36273669814246795,0.2689503119038891,0.20700722470341557,0.2117612475775843
173,0.8283001193388974,0.8637026598681327,0.9421371996115226,1.137235974719309,1.4102403673191557,1.4509714145301587,1.3034946820750244,1.1363766890400646,0.9615831068844857,0.8116203781913701,0.6642025341875036,0.517978607081598,0.3702937126871027,0.27455344340188503,0.21131987521807055,0.2161729402354504
174,0.845204203407036,0.8813292447634028,0.9613644893995164,1.1604448721625593,1.43902078297873,1.4805830760511836,1.3300966143622677,1.1595680500408807,0.9812072519229511,0.8281840593789492,0.677757687946435,0.5285495990628541,0.3778507272317374,0.280156574899883,0.21563252573272557,0.22058463289331648
175,0.9128205396795985,0.9518355843444753,1.0382736485514752,1.2532804619355684,1.5541424456170279,1.5990297221352745,1.4365043435112494,1.2523334940441455,1.05970383207678,0.8944387841292658,0.7319783029821484,0.5708335669878822,0.4080787854102762,0.3025691008918727,0.2328831277913435,0.23823140352478284
176,0.980436875952161,1.022341923925548,1.1151828077034338,1.346116051708569,1.6692641082553337,1.7174763682193657,1.5429120726602312,1.345098938047418,1.1382004122306089,0.9606935088795824,0.7861989180178617,0.6131175349129104,0.43830684358881705,0.32498162688386245,0.25013372984996146,0.2558781741562472
177,0.8113960352707507,0.8460760749728706,0.922909909823537,1.114027077276059,1.3814599516595811,1.4213597530091258,1.276892749787781,1.1131853280392403,0.9419589618460203,0.7950566970037991,0.6506473804285763,0.507407615100338,0.36273669814246795,0.2689503119038851,0.20700722470341557,0.2117612475775843
178,0.7099715308619027,0.7403165656012659,0.807546171095599,0.9747736926165496,1.2087774577021346,1.243689783882985,1.1172811560643043,0.9740371620343353,0.8242140916152688,0.6956746098783242,0.5693164578750043,0.4439816632127937,0.31739461087465975,0.23533152291589943,0.18113132161548964,0.18529109163038576
179,0.6930674467937641,0.7226899807059957,0.7883188813076052,0.9515647951732912,1.17999704204256,1.21407812236196,1.0906792237770608,0.9508458010335191,0.8045899465768116,0.6791109286907451,0.5557613041160729,0.4334106712315377,0.309837596330025,0.2297283914179015,0.17681867110083463,0.18087939897251765
180,0.6930674467937641,0.7226899807059957,0.7883188813076052,0.9515647951732912,1.17999704204256,1.21407812236196,1.0906792237770608,0.9508458010335191,0.8045899465768116,0.6791109286907451,0.5557613041160729,0.4334106712315377,0.309837596330025,0.2297283914179015,0.17681867110083463,0.18087939897251765
181,0.6085470264530629,0.634557056229653,0.6921824323676528,0.835520307957032,1.036094963744688,1.0660198147568443,0.9576695623408357,0.8348889960294384,0.7064692213845173,0.5962925227528493,0.4879855353214282,0.3805557113252535,0.2720525236068515,0.2017127339279138,0.15525541852756167,0.15882093568318517
182,0.5409306901805004,0.5640507166485804,0.615273273215694,0.742684718184023,0.9209733011063902,0.9475731686727532,0.851261833191854,0.7421235520261737,0.6279726412306884,0.5300377980025327,0.43376492028571484,0.3382717434002253,0.24182446542831265,0.17930020793592405,0.13800481646894372,0.14117416505171881
183,0.40569801763537533,0.4230380374864353,0.4614549549117685,0.5570135386380132,0.6907299758297866,0.7106798765045629,0.6384463748938904,0.5565926640196365,0.4709794809230224,0.39752834850189955,0.3253236902142841,0.253703807550169,0.18136834907123298,0.13447515595194254,0.10350361235170778,0.10588062378878808
184,0.3718898494990981,0.387784867695895,0.42300037533578916,0.5105957437515046,0.6331691445106377,0.6514565534625214,0.5852425103194037,0.5102099420180041,0.4317311908461079,0.36440098612674127,0.2982133826964254,0.23256182358765695,0.16625431998196355,0.12326889295594867,0.09487831132239778,0.09705723847305389
185,0.3718898494990981,0.387784867695895,0.42300037533578916,0.5105957437515046,0.6331691445106377,0.6514565534625214,0.5852425103194037,0.5102099420180041,0.4317311908461079,0.36440098612674127,0.2982133826964254,0.23256182358765695,0.16625431998196355,0.12326889295594867,0.09487831132239778,0.09705723847305389
186,0.32117759729467416,0.33490511301009257,0.3653185059718242,0.440969051421754,0.5468278975319143,0.562621568899455,0.5054367134576653,0.4406358590155475,0.3728587557307281,0.3147099425640038,0.2575479214196394,0.2008488476438848,0.14358327634805942,0.10645949846195688,0.08194035977843482,0.08382216049945564
187,0.2704653450902502,0.2820253583242902,0.3076366366078592,0.3713423590920034,0.460486650553191,0.47378658433638876,0.425630916595927,0.3710617760130909,0.31398632061534826,0.26501889900126635,0.21688246014285337,0.16913587170011266,0.12091223271415531,0.08965010396796506,0.06900240823447186,0.07058708252585737
188,0.23665717695396488,0.24677218853375799,0.26918205703187986,0.324924564205503,0.40292581923404214,0.4145632612943392,0.37242705202143206,0.32467905401145053,0.27473803053842566,0.23189153662610806,0.18977215262499467,0.14799388773759656,0.1057982036248859,0.07844384097196919,0.060377107205163885,0.0617636972101252
189,0.27046534509024206,0.2820253583242983,0.3076366366078592,0.3713423590920115,0.460486650553191,0.47378658433638066,0.42563091659591884,0.3710617760130828,0.3139863206153401,0.26501889900126635,0.21688246014285337,0.1691358717001086,0.12091223271415531,0.08965010396796304,0.06900240823447389,0.07058708252585941
190,0.21975309288581815,0.22914560363849595,0.24995476724389423,0.30171566676226086,0.3741454035744677,0.38495159977331433,0.3458251197341805,0.3014876930106262,0.2551138854999603,0.21532785543852892,0.17621699886606734,0.13742289575633646,0.09824118908025119,0.07284070947397124,0.05606445669051092,0.057352004552261145
191,0.1690408406813942,0.17626584895269357,0.19227289787992113,0.23208897443251025,0.2878041565957444,0.29611661521023996,0.2660193228724422,0.23191361000816965,0.19624145038458046,0.16563681187579146,0.13555153758928132,0.10570991981256432,0.07557014544634708,0.05603131497997741,0.04312650514654796,0.04411692657866289
192,0.35498576543094323,0.37015828280064106,0.40377308554781166,0.4873868463082707,0.6043887288510713,0.6218448919414966,0.5586405780321441,0.4870185810171636,0.4121070458076263,0.3478373049391621,0.2846582289374981,0.2219908316063928,0.15869730543732885,0.11766576145795073,0.09056566080774685,0.09264554581519187
193,0.4564102698397911,0.47591779217224583,0.5191368242757497,0.6266402309677801,0.7770712228085179,0.7995148610676373,0.7182521717556207,0.6261667470220686,0.5298519160383778,0.44721939206463696,0.36598915149107014,0.28541678349393707,0.2040393927051371,0.15128455044593636,0.11644156389567277,0.1191157017623904
194,0.4564102698397911,0.47591779217224583,0.5191368242757497,0.6266402309677801,0.7770712228085179,0.7995148610676291,0.7182521717556207,0.6261667470220686,0.5298519160383778,0.44721939206463696,0.36598915149107014,0.28541678349393707,0.2040393927051371,0.15128455044593636,0.11644156389567277,0.1191157017623904
195,0.4564102698397911,0.47591779217224583,0.5191368242757497,0.6266402309677801,0.7770712228085179,0.799514861067621,0.7182521717556207,0.6261667470220686,0.5298519160383778,0.44721939206463696,0.36598915149107014,0.28541678349393707,0.2040393927051371,0.15128455044593636,0.11644156389567277,0.1191157017623904
196,0.4226021017035139,0.4406646223817055,0.4806822446997704,0.5802224360812716,0.7195103914893691,0.7402915380255715,0.6650483071811338,0.5797840250204364,0.49060362596146334,0.41409202968947867,0.33887884397321144,0.264274799531425,0.18892536361586768,0.1400782874499425,0.10781626286636278,0.1102923164466562
197,0.5240266061123618,0.5464241317533103,0.5960459834277084,0.719475820740781,0.8921928854468157,0.9179615071517121,0.8246599009046106,0.7189321910253413,0.6083484961922149,0.5134741168149536,0.4202097665267835,0.3277007514189693,0.23426745088367593,0.17369707643792814,0.1336921659542887,0.13676247239385475
198,0.5409306901805004,0.5640507166485804,0.6152732732157021,0.7426847181840311,0.9209733011063902,0.9475731686727288,0.851261833191854,0.7421235520261575,0.6279726412306721,0.5300377980025327,0.4337649202857108,0.3382717434002253,0.24182446542831063,0.17930020793592608,0.13800481646894372,0.14117416505172084
199,0.35498576543095134,0.37015828280063295,0.40377308554781166,0.4873868463082707,0.6043887288510632,0.6218448919414641,0.5586405780321522,0.4870185810171636,0.4121070458076263,0.3478373049391621,0.28465822893749404,0.22199083160639685,0.15869730543732885,0.11766576145795275,0.09056566080774482,0.09264554581519187
200,0.2873694291583888,0.2996519432195604,0.32686392639585293,0.39455125653526174,0.48926706621276544,0.5033982458573648,0.4522328488831704,0.39425313701389897,0.3336104656537974,0.2815825801888455,0.2304376139017807,0.1797068636813687,0.12846924725879003,0.09525323546596301,0.07331505874912685,0.07499877518372548
201,0.32117759729467416,0.33490511301009257,0.3653185059718323,0.4409690514217622,0.5468278975319143,0.5626215688994145,0.5054367134576653,0.4406358590155394,0.37285875573071997,0.3147099425640038,0.2575479214196394,0.2008488476438848,0.14358327634805942,0.1064594984619589,0.08194035977843482,0.08382216049945766
202,0.32117759729467416,0.33490511301009257,0.3653185059718323,0.4409690514217622,0.5468278975319143,0.5626215688994145,0.5054367134576653,0.4406358590155394,0.37285875573071997,0.3147099425640038,0.2575479214196394,0.2008488476438848,0.14358327634805942,0.1064594984619589,0.08194035977843482,0.08382216049945766
203,0.35498576543095134,0.37015828280063295,0.40377308554781166,0.4873868463082707,0.6043887288510632,0.6218448919414641,0.5586405780321522,0.4870185810171717,0.4121070458076344,0.3478373049391621,0.2846582289374981,0.22199083160639685,0.15869730543732885,0.11766576145795275,0.09056566080774482,0.09264554581519187
204,0.32117759729466605,0.33490511301010073,0.3653185059718323,0.4409690514217703,0.5468278975319143,0.5626215688994145,0.5054367134576572,0.4406358590155394,0.37285875573071997,0.3147099425640038,0.25754792141964344,0.20084884764388075,0.14358327634805942,0.10645949846195688,0.08194035977843685,0.08382216049945969
205,0.32117759729466605,0.33490511301010073,0.3653185059718323,0.4409690514217703,0.5468278975319143,0.5626215688994145,0.5054367134576572,0.4406358590155394,0.37285875573071997,0.3147099425640038,0.25754792141964344,0.20084884764388075,0.14358327634805942,0.10645949846195688,0.08194035977843685,0.08382216049945969
206,0.3042735132265274,0.31727852811483054,0.3460912161838386,0.41776015397852007,0.5180474818723398,0.5330099073783978,0.4788347811704138,0.4174444980147233,0.3532346106922627,0.29814626137642464,0.24399276766071612,0.19027785566262473,0.13602626180342473,0.10085636696395893,0.07762770926378185,0.0794104678415936
207,0.3042735132265274,0.31727852811483054,0.3460912161838386,0.41776015397852007,0.5180474818723398,0.5330099073783978,0.4788347811704138,0.4174444980147233,0.3532346106922627,0.29814626137642464,0.24399276766071612,0.19027785566262473,0.13602626180342473,0.10085636696395893,0.07762770926378185,0.0794104678415936
208,0.33808168136280464,0.35253169790537087,0.3845457957598179,0.4641779488650286,0.5756083131914888,0.5922332304204474,0.5320386457449006,0.46382722001635557,0.3924829007691772,0.3312736237515829,0.27110307517857485,0.21141983962513677,0.15114029089269415,0.11206262995995278,0.08625301029309185,0.0882338531573278
209,0.33808168136280464,0.35253169790537087,0.3845457957598179,0.4641779488650286,0.5756083131914888,0.5922332304204474,0.5320386457449006,0.46382722001635557,0.3924829007691772,0.3312736237515829,0.27110307517857485,0.21141983962513677,0.15114029089269415,0.11206262995995278,0.08625301029309185,0.0882338531573278
210,0.25356126102210347,0.2643987734290282,0.28840934681986546,0.3481334616487694,0.4317062348936166,0.4441749228153315,0.39902898430867545,0.3478704150122667,0.2943621755768829,0.2484552178136872,0.2033273063839301,0.15856487971885258,0.11335521816952061,0.08404697246996509,0.06468975771981889,0.06617538986799534
211,0.23665717695396488,0.24677218853375799,0.26918205703187176,0.3249245642055111,0.40292581923404214,0.4145632612943148,0.37242705202143206,0.32467905401145053,0.27473803053842566,0.23189153662610806,0.18977215262499872,0.14799388773759656,0.1057982036248859,0.07844384097196715,0.060377107205163885,0.061763697210127234
212,0.3042735132265274,0.31727852811483054,0.34609121618383043,0.41776015397852007,0.5180474818723398,0.533009907378414,0.4788347811704138,0.4174444980147233,0.3532346106922627,0.29814626137642464,0.24399276766071612,0.19027785566262473,0.13602626180342473,0.1008563669639569,0.07762770926378185,0.0794104678415936
213,0.47331435390793786,0.49354437706750787,0.5383641140637353,0.6498491284110303,0.8058516384680924,0.8291265225886458,0.7448541040428641,0.6493581080229011,0.5494760610768513,0.4637830732522161,0.3795443052500015,0.29598777547519717,0.2115964072497718,0.1568876819439343,0.12075421441032777,0.1235273944202565
214,0.47331435390793786,0.49354437706750787,0.5383641140637353,0.6498491284110303,0.8058516384680924,0.8291265225886458,0.7448541040428641,0.6493581080229011,0.5494760610768513,0.4637830732522161,0.3795443052500015,0.29598777547519717,0.2115964072497718,0.1568876819439343,0.12075421441032777,0.1235273944202565
215,0.40569801763537533,0.4230380374864353,0.4614549549117766,0.5570135386380214,0.6907299758297947,0.7106798765045467,0.6384463748938823,0.5565926640196283,0.4709794809230142,0.39752834850189955,0.3253236902142841,0.253703807550169,0.18136834907123298,0.13447515595194456,0.10350361235170981,0.10588062378879012
216,0.4395061857716606,0.45829120727696754,0.499909534487756,0.6034313335245217,0.7482908071489435,0.7699031995465963,0.6916502394683773,0.6029753860212688,0.5102277709999369,0.43065571087705784,0.3524339977321428,0.2748457915126851,0.19648237816050237,0.14568141894794046,0.11212891338101778,0.11470400910452229
217,0.6761633627256336,0.7050633958107174,0.7690915915196196,0.928355897730041,1.1512166263829857,1.1844664608409272,1.0640772914898093,0.9276544400327111,0.7849658015383625,0.6625472475031577,0.5422061503571456,0.4228396792502857,0.3022805817853883,0.2241252599199076,0.17250602058618167,0.17646770631464953
218,0.6254511105212097,0.652183641124915,0.7114097221556547,0.8587292054002903,1.0648753794042622,1.0956314762778447,0.984271494628071,0.8580803570302545,0.7260933664229826,0.6128562039404203,0.5015406890803595,0.3911267033065136,0.27960953815148415,0.2073158654259158,0.1595680690422187,0.16323262834105126
219,0.7775878671344815,0.8108229051823221,0.8844553302475658,1.0676092823895504,1.3238991203404322,1.36213642996706,1.223688885213278,1.0668026060376081,0.902710671769114,0.7619293346286246,0.6235370729107176,0.48626563113783,0.34762266905319655,0.25774404890789526,0.19838192367410962,0.20293786226184604
220,0.6761633627256336,0.7050633958107174,0.7690915915196196,0.928355897730041,1.1512166263829775,1.1844664608409272,1.0640772914898093,0.927654440032703,0.7849658015383625,0.6625472475031496,0.5422061503571456,0.4228396792502857,0.3022805817853883,0.2241252599199076,0.17250602058618167,0.1764677063146475
221,0.6930674467937722,0.7226899807059876,0.7883188813076052,0.9515647951732912,1.179997042042552,1.21407812236196,1.0906792237770528,0.9508458010335191,0.8045899465768197,0.6791109286907288,0.5557613041160729,0.43341067123154176,0.309837596330023,0.22972839141790352,0.17681867110083666,0.18087939897251357
222,0.7437796989981962,0.77556973539179,0.8460007506715702,1.021191487503042,1.2663382890212753,1.3029131069250428,1.1704850206387911,1.0204198840359757,0.8634623816921996,0.7288019722534662,0.5964267653928589,0.4651236471753139,0.3325086399639271,0.24653778591189532,0.18975662264479962,0.19411447694611184
223,0.8283001193388974,0.8637026598681327,0.9421371996115226,1.137235974719301,1.4102403673191475,1.4509714145301587,1.3034946820750162,1.1363766890400566,0.9615831068844939,0.811620378191362,0.6642025341875036,0.517978607081598,0.37029371268710065,0.274553443401883,0.21131987521807258,0.21617294023544428
224,0.6592592786574869,0.6874368109154554,0.7498643017316178,0.9051470002867826,1.1224362107234032,1.1548547993199267,1.0374753592025658,0.9044630790318868,0.7653416564999053,0.6459835663155786,0.5286509965982142,0.41226868726902566,0.2947235672407536,0.2185221284219056,0.16819337007152665,0.17205601365678141
225,0.6592592786574869,0.6874368109154554,0.7498643017316178,0.9051470002867826,1.1224362107234032,1.1548547993199267,1.0374753592025658,0.9044630790318868,0.7653416564999053,0.6459835663155786,0.5286509965982142,0.41226868726902566,0.2947235672407536,0.2185221284219056,0.16819337007152665,0.17205601365678141
226,0.507122522044215,0.5287975468580483,0.5768186936397066,0.6962669232975226,0.8634124697872332,0.8883498456307117,0.798057968617359,0.6957408300245334,0.5887243511537739,0.4969104356273744,0.40665461276785614,0.3171297594377092,0.22671043633904123,0.16809394493992613,0.12937951543963574,0.13235077973598663
227,0.6254511105212016,0.6521836411249231,0.7114097221556384,0.8587292054002822,1.0648753794042543,1.0956314762778772,0.984271494628071,0.8580803570302545,0.7260933664229826,0.6128562039404285,0.5015406890803595,0.3911267033065095,0.27960953815148415,0.2073158654259097,0.15956806904221668,0.16323262834105126
228,0.5747388583167776,0.5993038864391208,0.6537278527916734,0.7891025130705316,0.9785341324255309,1.0067964917147947,0.9044656977663327,0.7885062740277979,0.6672209313076028,0.563165160377691,0.46087522780357354,0.3594137273627374,0.25693849451758005,0.19050647093191792,0.1466301174982537,0.14999755036745302
229,0.5747388583167776,0.5993038864391208,0.6537278527916734,0.7891025130705316,0.9785341324255309,1.0067964917147947,0.9044656977663327,0.7885062740277979,0.6672209313076028,0.563165160377691,0.46087522780357354,0.3594137273627374,0.25693849451758005,0.19050647093191792,0.1466301174982537,0.14999755036745302
230,0.5240266061123536,0.5464241317533184,0.5960459834277003,0.719475820740781,0.8921928854468076,0.9179615071517284,0.8246599009045943,0.7189321910253496,0.608348496192223,0.5134741168149536,0.42020976652678754,0.32770075141896526,0.23426745088367593,0.17369707643792406,0.13369216595429073,0.13676247239385475
231,0.7268756149300414,0.7579431504965279,0.8267734608835846,0.9979825900597997,1.2375578733617008,1.27330144540401,1.1438830883515396,0.9972285230351596,0.843838236653726,0.7122382910658952,0.5828716116339316,0.45455265519404975,0.3249516254192924,0.24093465441389736,0.18544397213014463,0.18970278428825185
232,0.9466287078158757,0.9870887541350076,1.0767282281274544,1.2996982568220687,1.6117032769361685,1.658253045177324,1.4897082080857282,1.298716216045786,1.0989521221536944,0.927566146504416,0.7590886105000071,0.5919755509503943,0.4231928144995436,0.3137753638878666,0.24150842882065351,0.247054788840513
233,0.9973409600202997,1.03996850882081,1.1344100974914275,1.3693249491518193,1.6980445239148918,1.7470880297403906,1.5695140049474665,1.3682902990482344,1.1578245572690744,0.9772571900671535,0.7997540717767931,0.6236885268941664,0.4458638581334477,0.3305847583818604,0.2544463803646165,0.26028986681411126
234,0.9973409600202997,1.03996850882081,1.1344100974914275,1.3693249491518193,1.6980445239148918,1.7470880297403906,1.5695140049474665,1.3682902990482344,1.1578245572690744,0.9772571900671535,0.7997540717767931,0.6236885268941664,0.4458638581334477,0.3305847583818604,0.2544463803646165,0.26028986681411126
235,1.217094052906134,1.2691141124592897,1.3843648647352975,1.6710406159140885,2.0721899274893594,2.132039629513705,1.9153391246816551,1.6697779920588605,1.4129384427690428,1.1925850455056743,0.9759710706428686,0.761111422650511,0.5441050472136989,0.4034254678558296,0.3105108370551254,0.3176418713663724
236,1.3523267254512592,1.4101267916214348,1.538183183039223,1.8567117954600982,2.302433252765955,2.368932921681887,2.1281545829796187,1.8553088800653978,1.5699316030767088,1.3250944950063075,1.0844123007142952,0.8456793585005674,0.6045611635707766,0.4482505198398111,0.3450120411723613,0.3529354126293031
237,1.639696154609656,1.709778734840987,1.8650471094350516,2.2512630519953682,2.791700318978737,2.872331167539284,2.580387431862789,2.2495620170792967,1.903542068730506,1.606677075195145,1.3148499146160841,1.02538622218194,0.7330304108295665,0.5435037553057721,0.41832709992148814,0.4279341878130286
238,1.6058879864733788,1.674525565050455,1.8265925298590722,2.2048452571088677,2.7341394876595877,2.813107844497235,2.527183567288294,2.2031792950776565,1.8642937786535916,1.5735497128199865,1.2877396070982254,1.004244238219428,0.7179163817402971,0.5322974923097762,0.40970179889218017,0.4191108024972944
239,1.4199430617238298,1.4806331312025074,1.6150923421911816,1.9495473852330991,2.4175549154042693,2.48737956776597,2.2345623121286002,1.9480743240686706,1.6484281832305459,1.391349219756624,1.1386329157500046,0.8879633264255996,0.6347892217493154,0.4706630458318029,0.3622626432309793,0.3705821832607654
240,1.4875593979963924,1.55113947078358,1.6920015013431404,2.0423829750060998,2.5326765780425666,2.605826213850069,2.3409700412775742,2.0408397680719434,1.7269247633843747,1.4576039445069406,1.1928535307857178,0.9302472943506278,0.6650172799278542,0.49307557182379264,0.37951324528959723,0.3882289538922298
241,1.4875593979963924,1.55113947078358,1.6920015013431404,2.0423829750060998,2.5326765780425666,2.605826213850069,2.3409700412775822,2.0408397680719434,1.7269247633843747,1.4576039445069406,1.1928535307857178,0.9302472943506278,0.6650172799278542,0.49307557182379264,0.37951324528959723,0.3882289538922298
242,1.6904084068140801,1.7626584895267976,1.9227289787990247,2.3208897443251106,2.8780415659574765,2.9611661521023507,2.6601932287245273,2.3191361000817534,1.9624145038458778,1.6563681187578905,1.355515375892858,1.0570991981257123,0.7557014544634748,0.5603131497997639,0.43126505146545113,0.44116926578662685
243,1.6566002386778027,1.7274053197362573,1.8842743992230453,2.27447194943861,2.8204807346383274,2.901942829060301,2.6069893641500324,2.2727533780801212,1.9231662137689634,1.623240756382732,1.3284050683750073,1.0359572141632003,0.7405874253742054,0.5491068868037701,0.42263975043614316,0.4323458804708947
244,1.5213675661326778,1.5863926405741122,1.7304560809191278,2.0888007698926003,2.5902374093617158,2.665049536892119,2.3941739058520772,2.0872224900735756,1.7661730534612974,1.4907313068820989,1.2199638383035725,0.9513892783131439,0.6801313090171277,0.5042818348197885,0.3881385463189072,0.39705233920796396
245,1.5213675661326778,1.5863926405741122,1.7304560809191278,2.0888007698926003,2.5902374093617158,2.665049536892119,2.3941739058520852,2.0872224900735756,1.7661730534612974,1.4907313068820989,1.2199638383035725,0.9513892783131439,0.6801313090171277,0.5042818348197885,0.3881385463189072,0.39705233920796396
246,1.8594492474954905,1.9389243384794668,2.1150018766789294,2.552978718757629,3.165845722553221,3.257282767312599,2.926212551596986,2.551049710089923,2.1586559542304746,1.8220049306336736,1.4910669134821515,1.1628091179382847,0.8312715999098259,0.6163444647797414,0.47439155661199905,0.48528619236528975
247,1.741120659018504,1.8155382442125918,1.9804108481629978,2.3905164366548775,2.9643828129361998,3.050001136665433,2.739999025586274,2.388710183084202,2.0212869389612655,1.7060591623206196,1.396180837169652,1.0888121740694845,0.778372498097383,0.5771225442937578,0.4442030030094181,0.45440434376022715
248,1.8087369952910666,1.8860445837936644,2.0573200073149565,2.4833520264278865,3.0795044755744976,3.1684477827495163,2.8464067547352476,2.4814756270874745,2.099783519115103,1.772313887070928,1.4504014522053612,1.1310961419945127,0.8086005562759218,0.5995350702857495,0.4614536050680381,0.4720511143916935
249,1.7580247430866425,1.833164829107862,1.9996381379509833,2.4137253340981357,2.993163228595774,3.07961279818645,2.7666009578735093,2.411901544085026,2.040911083999731,1.7226228435081907,1.4097359909285794,1.0993831660507405,0.7859295126420177,0.5827256757917577,0.4485156535240752,0.4588160364180932
250,1.8425451634273438,1.9212977535842046,2.095774586890928,2.529769821314395,3.1370653068936463,3.2276711057915657,2.899610619309734,2.527858349089115,2.1390318091920255,1.8054412494460783,1.477511759723216,1.1522381259570247,0.8237145853651912,0.6107413332817454,0.47007890609734815,0.4808744997074257
251,2.113010508517594,2.203323111908495,2.403411223498771,2.9011121804064066,3.5975519574468535,3.7014576901279463,3.325241535905645,2.898920125102198,2.4530181298073654,2.070460148447345,1.6943942198660775,1.3213739976571373,0.9446268180793506,0.7003914372497084,0.5390813143318199,0.5514615822332871
252,2.248243181062719,2.34433579107064,2.557229541802688,3.0867833599524164,3.827795282723465,3.9383509822961287,3.5380569942035924,3.0844510131087435,2.6100112901150316,2.2029695979479778,1.8028354499375123,1.4059419335071937,1.0050829344364283,0.74521648923369,0.573582518449056,0.5867551234962178
253,2.535612610221108,2.6439877342902003,2.884093468198525,3.481334616487686,4.317062348936231,4.441749228153526,3.990289843086771,3.4787041501226423,2.9436217557688287,2.4845521781368154,2.033273063839301,1.5856487971885624,1.1335521816952183,0.840469724699649,0.6468975771981827,0.6617538986799454
254,2.7722697871750808,2.8907599228239502,3.1532755252303883,3.806259180693197,4.719988168170289,4.856312489447857,4.362716895108211,3.803383204134085,3.2183597863072544,2.716443714762915,2.2230452164642998,1.733642684926163,1.2393503853201042,0.9189135656716161,0.7072746844033466,0.7235175958900726
255,2.7891738712432192,2.908386507719212,3.1725028150183823,3.8294680781364474,4.748768583829864,4.88592415096889,4.389318827395463,3.826574565134901,3.237983931345712,2.7330073959504944,2.2366003702232353,1.744213676907419,1.2469073998647389,0.924516697169614,0.7115873349179996,0.7279292885479387
256,2.7046534509025184,2.8202535832428697,3.0763663660784295,3.7134235909201885,4.604866505531992,4.737865843363774,4.256309165959237,3.710617760130812,3.1398632061534175,2.6501889900125986,2.1688246014285903,1.6913587170011348,1.2091223271415612,0.8965010396796244,0.6900240823447267,0.7058708252586082
257,2.721557534970657,2.8378801681381316,3.0955936558664234,3.7366324883634383,4.633646921191565,4.767477504884807,4.282911098246489,3.733809121131628,3.1594873511918746,2.666752671200178,2.182379755187526,1.7019297089823908,1.216679341686196,0.9021041711776222,0.6943367328593796,0.7102825179164743
258,2.5187085261529694,2.626361149394914,2.8648661784105394,3.458125719044428,4.288281933276672,4.412137566632525,3.963687910799552,3.4555127891218183,2.9239976107303716,2.467988496949228,2.0197179100803817,1.5750778052073062,1.1259951671505755,0.8348665932016489,0.6425849266835257,0.6573422060220793
259,2.4510921898804066,2.5558548098138414,2.7879570192585805,3.365290129271419,4.173160270638375,4.293690920548443,3.857280181650578,3.3627473451185455,2.8455010305765427,2.4017337721989116,1.9654972950446645,1.5327938372822782,1.0957671089720367,0.8124540672096572,0.6253343246249078,0.6396954353906149
260,2.5187085261529694,2.626361149394914,2.8648661784105394,3.45812571904442,4.288281933276672,4.412137566632525,3.963687910799552,3.45551278912181,2.9239976107303796,2.467988496949228,2.0197179100803737,1.5750778052073062,1.1259951671505755,0.8348665932016489,0.6425849266835257,0.6573422060220813
261,2.6539411986980945,2.767373828557051,3.0186844967144566,3.6437968985904376,4.518525258553268,4.649030858800708,4.1765033690975155,3.6410436771283554,3.0809907710380458,2.600497946449861,2.1281591401518005,1.6596457410573626,1.186451283507657,0.8796916451856305,0.6770861308007616,0.692635747285012
262,3.2962963932874425,3.4371840545772363,3.7493215086580887,4.525735001433978,5.612181053617129,5.774273996599602,5.187376796012829,4.522315395159426,3.8267082824994856,3.2299178315778607,2.6432549829910874,2.0613434363451324,1.4736178362037802,1.09261064210954,0.8409668503576354,0.8602800682839314
263,3.2455841410830186,3.3843042998914337,3.6916396392941158,4.456108309104228,5.525839806638389,5.685439012036519,5.107570999151092,4.452741312156978,3.767835847384106,3.180226788015123,2.602589521714297,2.02963046040136,1.450946792569876,1.0758012476155483,0.8280288988136724,0.8470449903103331
264,3.279392309219304,3.419557469681974,3.730094218870095,4.502526103990728,5.5834006379575545,5.744662335078568,5.160774863725578,4.499124034158618,3.8070841374610285,3.2133541503902814,2.629699829232152,2.050772444363876,1.4660608216591453,1.0870075106115442,0.8366541998429824,0.8558683756260653
265,3.5329535702414074,3.6839562431109942,4.018503565689953,4.850659565639497,6.015106872851171,6.188837257893916,5.559803848034254,4.846994449170877,4.101446313037911,3.461809368203969,2.833027135616078,2.2093373240827288,1.57941603982867,1.1710544830815093,0.9013439575627993,0.9220437654940586
266,4.175308764830747,4.3537664691311715,4.749140577633584,5.732597668483038,7.108762667915016,7.314080395692794,6.570677274949568,5.728266167201947,4.847163824499343,4.091229253331968,3.3481229784553648,2.6110350193704943,1.866582592524793,1.383973480005421,1.065224677119671,1.089688086492978
267,4.073884260421908,4.248006959759558,4.633776838905646,5.593344283823528,6.93608017395757,7.136410426566662,6.411065681226091,5.5891180011970425,4.729418954268591,3.9918471662064934,3.2667920559017927,2.5476090674829543,1.8212405052569847,1.3503546910174333,1.0393487740317429,1.0632179305457794
268,4.378157773648435,4.565285487874381,4.979868055089469,6.011104437802048,7.454127655829909,7.669420333945092,6.889900462396505,6.006562499211749,5.082653564960855,4.2899934275829095,3.510784823562509,2.737886923145583,1.9572667670604094,1.4512110579813904,1.116976483295525,1.142628398387373
269,4.226021017035164,4.406646223816965,4.80682244699755,5.802224360812796,7.195103914893723,7.402915380255877,6.650483071811307,5.79784025020438,4.906036259614723,4.140920296894698,3.3887884397321466,2.6427479953142705,1.8892536361586971,1.4007828744994109,1.0781626286636339,1.1029231644665762
270,4.5810067824661145,4.77680450661759,5.210595532545345,6.289611207121068,7.799492643744803,8.024760272197373,7.209123649843458,6.284858831221543,5.318143305422358,4.488757601833852,3.6734466686696527,2.8647388269206715,2.04795094159603,1.5184486359573595,1.1687282894713786,1.195568710281768
271,5.003608884169629,5.217469128999288,5.691277777245099,6.869833643202339,8.519003035234164,8.765051810222953,7.8741719570245845,6.8646428562419715,5.808746931383829,4.902849631523322,4.012325512642868,3.1290136264521005,2.2368763052119016,1.658526923407298,1.2765445523377414,1.3058610267284263
272,5.274074229259879,5.499494487323569,5.998914413852942,7.241176002294359,8.979489685787355,9.238838394559318,8.29980287362051,7.235704632255063,6.122733251999169,5.16786853052458,4.22920797278573,3.2981494981522133,2.3577885379260572,1.748177027375261,1.3455469605722155,1.3764481092542877
273,4.885280295692643,5.094083034732413,5.556686748729168,6.707371361099588,8.317540125617127,8.557770179575787,7.687958431013873,6.70230332923625,5.67137791611462,4.786903863210268,3.917439436330369,3.0550166825833003,2.1839772033994587,1.6193050029213143,1.2463559987351605,1.2749791781233617
274,5.223361977055455,5.446614732637776,5.941232544488969,7.171549309964608,8.893148438808632,9.15000340999625,8.219997076758789,7.166130549252606,6.063860816883797,5.118177486961851,4.188542511508948,3.266436522208437,2.335117494292153,1.7313676328812693,1.3326090090282523,1.3632130312806876
275,5.645964078758977,5.887279355019473,6.421914789188731,7.75177174604588,9.612658830298008,9.89029494802183,8.885045383939914,7.74591457427305,6.554464442845277,5.532269516651321,4.527421355482171,3.530711321739862,2.5240428579080247,1.8714459203312117,1.4404252718946151,1.4735053477273437
276,5.696676330963401,5.9401591097052755,6.479596658552713,7.82139843837563,9.699000077276732,9.979129932584897,8.964851180801636,7.815488657275507,6.6133368779606565,5.581960560214059,4.568086816758962,3.5624242976836302,2.5467139015419287,1.8882553148252075,1.453363223438578,1.486740425700942
277,6.000949844189937,6.2574376378200975,6.825687874736535,8.23915859235415,10.217047559149089,10.512139839963327,9.44368596197205,8.23293315529023,6.966571488652911,5.880106821590483,4.812079584419678,3.752702153346255,2.6827401633453536,1.9891116817891665,1.53099093270236,1.5661508935425357
278,6.372839693689026,6.645222505515993,7.248688250072324,8.749754336105687,10.850216703659742,11.16359639342584,10.028928472291454,8.743143097308218,7.398302679499011,6.244507807717217,5.110292967116111,3.9852639769339038,2.848994483327317,2.112380574745117,1.6258692440247597,1.6632081320155936
279,6.1530866008032,6.416076901877513,6.998733482828446,8.448038669343418,10.476071300085275,10.778644793652543,9.683103352557266,8.441655404297583,7.143188793999051,6.029179952278688,4.93407596825004,3.847841081177567,2.750753294247066,2.039539865271146,1.5698047873342509,1.6058561274633323
280,6.2037988530076245,6.468956656563315,7.056415352192411,8.517665361673169,10.562412547063998,10.867479778215609,9.762909149419004,8.51122948730004,7.20206122911443,6.0788709958414175,4.97474142952683,3.8795540571213434,2.77342433788097,2.056349259765138,1.5827427388782158,1.6190912054369326
281,5.967141676053651,6.222184468029566,6.787233295160539,8.192740797467666,10.15948672782994,10.452916516921277,9.390482097397564,8.186550433288598,6.927323198575997,5.8469794592153095,4.7849692769018235,3.731560169383751,2.6676261342560843,1.9779054187931706,1.522365631673052,1.5573275082268054
282,5.1726497248510395,5.393734977951973,5.8835506751249955,7.101922617634857,8.806807191829924,9.061168425433184,8.140191279897035,7.096556466250165,6.004988381768418,5.068486443399105,4.147877050232174,3.234723546264669,2.312446450658249,1.7145582383872815,1.3196710574842894,1.3499779533070893
283,5.105033388578477,5.323228638370908,5.806641515973021,7.009087027861857,8.691685529191627,8.942721779349085,8.03378355074806,7.003791022246901,5.9264918016145725,5.002231718648789,4.093656435196457,3.192439578339645,2.28221839247971,1.6921457123952897,1.3024204554256715,1.332331182675625
284,4.733143539079379,4.935443770675006,5.3836411406372395,6.498491284110336,8.058516384680972,8.291265225886557,7.448541040428673,6.493581080228913,5.4947606107684805,4.637830732522056,3.795443052500023,2.959877754751988,2.1159640724977464,1.568876819439343,1.2075421441032717,1.2352739442025669
285,5.121937472646615,5.34085522326617,5.825868805761014,7.032295925305107,8.7204659448512,8.972333440870102,8.060385483035313,7.0269823832477085,5.94611594665303,5.018795399836368,4.107211588955384,3.203010570320901,2.2897754070243486,1.6977488438932897,1.3067331059403244,1.3367428753334931
286,5.984045760121782,6.239811052924828,6.806460584948517,8.215949694910917,10.18826714348953,10.482528178442294,9.417084029684816,8.209741794289405,6.94694734361443,5.863543140402888,4.798524430660742,3.742131161365007,2.675183148800723,1.9835085502911707,1.526678282187705,1.5617392008846736
287,5.98404576012179,6.239811052924828,6.806460584948517,8.215949694910917,10.18826714348953,10.482528178442294,9.417084029684816,8.209741794289405,6.94694734361443,5.863543140402888,4.798524430660742,3.742131161365007,2.675183148800723,1.9835085502911707,1.526678282187705,1.5617392008846736
288,5.815004919440379,6.063545203972142,6.614187687068628,7.983860720478398,9.900462986893785,10.186411563232062,9.151064706812365,7.977828184281228,6.750705893229841,5.697906328527105,4.662972893071461,3.6364212415524304,2.5996130033543756,1.9274772353111953,1.483551777041159,1.5176222743060106
289,6.305223357416464,6.5747161659349205,7.1717790909203485,8.656918746332687,10.735095041021461,11.04514974734174,9.922520743142481,8.650377653304938,7.31980609934515,6.178253082966892,5.056072352080394,3.942980009008888,2.8187664251487825,2.0899680487531254,1.60861864196614,1.6455613613841353
290,6.440456029961597,6.715728845097066,7.325597409224282,8.842589925878688,10.965338366298072,11.28204303950994,10.135336201440444,8.835908541311467,7.476799259652823,6.310762532467526,5.164513582151828,4.027547944858944,2.87922254150586,2.134793100737105,1.6431198460833758,1.680854902647066
291,6.660209122847432,6.944874448735553,7.575552176468152,9.144305592640958,11.33948376987254,11.666994639283255,10.481161321174634,9.137396234322084,7.7319131451528005,6.526090387906046,5.3407305810179,4.164970840615289,2.9774637305861114,2.207633810211072,1.6991843027738847,1.7382069071993271
292,5.713580415031556,5.957785694600537,6.498823948340698,7.844607335818897,9.727780492936338,10.00874159410593,8.991453113088905,7.838680018276315,6.632961022999098,5.59852424140163,4.581641970517889,3.5729952896648944,2.5542709160865633,1.8938584463232035,1.4576758739532312,1.4911521183588141
293,5.493827322145729,5.728640090962066,6.248869181096828,7.542891669056628,9.353635089361855,9.62378999433263,8.645627993354717,7.53719232526568,6.3778471374991215,5.383196385963101,4.405424971651818,3.43557239390855,2.4560297270063125,1.8210177368492364,1.40161141726272,1.433800113806553
294,6.271415189280186,6.53946299614438,7.1333245113443775,8.610500951446186,10.677534209702296,10.985926424299707,9.869316878567995,8.603994931303289,7.280557809268219,6.145125720591726,5.028962044562539,3.9218380250463674,2.8036523960595128,2.0787617857571297,1.5999933409368299,1.636737976068401
295,7.116619392687231,7.420792240907774,8.094689000743886,9.770945823608745,12.116554992681033,12.466509500350883,11.199413492930262,9.763562981344162,8.261765061191161,6.973309779970658,5.7067197325089705,4.450387624109226,3.1815031232912525,2.3589183606570105,1.8156258666695553,1.8573226089617134
296,7.353276569641188,7.667564429441525,8.36387105777575,10.095870387814264,12.519480811915075,12.881072761645214,11.571840544951685,10.08824203535562,8.536503091729596,7.205201316596766,5.896491885133969,4.598381511846818,3.2873013269161384,2.4373622016289778,1.8760029738747173,1.9190863061718386
297,7.6744541669358535,8.002469542451601,8.729189563747566,10.536839439236035,13.06630870944699,13.443694330544645,12.077277258409351,10.528877894371151,8.909361847460316,7.519911259160771,6.154039806553612,4.799230359490699,3.4308846032642015,2.5438217000909367,1.957943333653154,2.0029084666712964
298,8.333713445593341,8.689906353367048,9.479053865479191,11.441986439522825,14.188744920170409,14.59854912986457,13.114752617611916,11.433340973403038,9.674703503960197,8.165894825476341,6.682690803151835,5.211499046759725,3.7256081705049593,2.7623438285128463,2.126136703724679,2.1749644803280797
299,8.89154821984198,9.27158365491089,10.113554428482871,12.207880055150115,15.138498636936381,15.575733960058349,13.992616383091006,12.198655886430013,10.32230029022935,8.712496304666454,7.130010877196485,5.560341782141206,3.9749896504779088,2.947247167946768,2.2684541707082815,2.3205503380376666
300,9.009876808318966,9.394969749177758,10.248145456998795,12.370342337252882,15.339961546553402,15.7830155907055,14.178829909101735,12.360995413435733,10.459669305498567,8.828442072979508,7.224896953508984,5.634338726010006,4.027888752290352,2.986469088432752,2.2986427243108665,2.3514321866427315
301,8.350617529661479,8.70753293826231,9.498281155267184,11.465195336966076,14.21752533583,14.628160791385572,13.141354549899168,11.456532334403846,9.69432764899867,8.182458506663936,6.696245956910762,5.222070038740981,3.73316518504959,2.767946960010842,2.130449354239338,2.1793761729859478
302,8.874644135773824,9.253957070015613,10.094327138694878,12.184671157706864,15.10971822127684,15.546122298537316,13.96601445080377,12.175464525429188,10.30267614519091,8.69593262347889,7.116455723437549,5.54977079015995,3.967432635933266,2.941644036448768,2.2641415201936304,2.3161386453798065
303,8.519658370342881,8.88379878721498,9.690554053147073,11.697284311398594,14.505329492425776,14.92427740659582,13.407373872771634,11.688445944412008,9.890569099383274,8.348095318539729,6.8317974945000435,5.327779958553557,3.8087353304959413,2.8239782749908175,2.173575859385888,2.223493099564617
304,8.671795126956145,9.042438051272402,9.863599661238984,11.906164388387863,14.764353233361946,15.190782360285052,13.646791263356834,11.897168193419377,10.067186404729407,8.497168449227924,6.953793878330406,5.42291888638487,3.8767484613976535,2.874406458472793,2.2123897140177786,2.2631983334854135
305,8.11396035270749,8.46076074972856,9.229099098235306,11.140270772760573,13.81459951659599,14.213597530091258,12.768927497877728,11.131853280392404,9.419589618460268,7.950566970037828,6.506473804285755,5.074076151003388,3.627366981424708,2.689503119038871,2.07007224703418,2.1176124757758266
306,7.7082623350721144,8.037722712242141,8.767644143323537,10.583257234122536,13.123869540766204,13.502917653586694,12.130481122983838,10.575260616372784,8.948610137537246,7.553038621535928,6.181150114071459,4.8203723434532195,3.4459986323534673,2.5550279630869284,1.9665686346824682,2.0117318519870366
307,7.032098972346489,7.332659316431432,7.998552551803933,9.654901336392479,11.972652914383227,12.318451192745767,11.06640383149402,9.647606176340089,8.163644335998892,6.890491374032779,5.6389439637143095,4.397532664202937,3.143718050568071,2.330902703167023,1.7940626140962845,1.835264145672385
308,7.133523476755337,7.438418825803053,8.113916290531863,9.794154721051996,12.145335408340673,12.496121161871931,11.226015425217513,9.786754342345002,8.281389206229651,6.989873461158254,5.720274886267881,4.4609586160904815,3.189060137835887,2.3645214921550104,1.8199385171842104,1.8617343016195815
309,6.677113206915545,6.962501033630831,7.59477946625613,9.167514490084207,11.36826418553213,11.696606300804271,10.507763253461885,9.160587595322925,7.751537290191258,6.542654069093617,5.354285734776803,4.1755418325965366,2.98502074513075,2.2132369417090763,1.7034969532885376,1.7426185998571913
310,6.930674467937657,7.226899807059859,7.8831888130759875,9.51564795173296,11.799970420425748,12.140781223619635,10.906792237770544,9.508458010335191,8.045899465768132,6.791109286907305,5.557613041160737,4.334106712315394,3.0983759633002705,2.2972839141790433,1.7681867110083545,1.8087939897251846
311,7.150427560823492,7.456045410698331,8.133143580319857,9.817363618495213,12.174115824000214,12.525732823392932,11.252617357504732,9.809945703345809,8.301013351268093,7.006437142345833,5.733830040026809,4.471529608071738,3.196617152380522,2.3701246236530147,1.8242511676988613,1.8661459942774457
312,9.246533985272938,9.641741937711556,10.517327514030642,12.695266901458353,15.74288736578751,16.197578851999847,14.551256961123142,12.685674467447175,10.734407336037,9.060333609605598,7.414669106133975,5.782332613747607,4.133686955915233,3.064912929404723,2.3590198315160245,2.4131958838528687
313,9.652232002908315,10.064779975197975,10.978782468942411,13.25228044009639,16.433617341617296,16.90825872850441,15.189703336017017,13.242267131466795,11.205386816960024,9.457861958107499,7.739992796348263,6.0360364212977755,4.315055304986474,3.1993880853566656,2.462523443867736,2.519076507641659
314,11.055270980563998,11.527786521505195,12.574647521345598,15.17861892788624,18.82239184136201,19.366026634749364,17.397663715858375,15.167150094534643,12.834190855152103,10.832647496676534,8.865070558339344,6.913428755742116,4.942287512191164,3.6644479996904686,2.8204734365840642,2.885246998244562
315,12.711871219241775,13.255191841241444,14.458921920568644,17.453090877324843,21.642872576000336,22.267969463809646,20.004653080008406,17.439903472614738,14.757357068921076,12.455888253059259,10.193475626714351,7.949385969905312,5.682874937565373,4.213554886494238,3.2431131870202097,3.317592878715459
316,12.221652781265691,12.744020879278667,13.901330516716923,16.78003285147057,20.808240521872676,21.409231279699984,19.233197043678306,16.767354003591045,14.188256862805767,11.97554149861948,9.800376167705426,7.642827202448863,5.463721515770966,4.051064073052304,3.118046322095227,3.1896537916373364
317,13.675404011125774,14.259907180271691,15.554877438484075,18.77599803159017,23.283356268596112,23.955834170508005,21.520963220381418,18.761811049661365,15.875933336113235,13.400018080751254,10.96611939097329,8.55193251283697,6.11362476660956,4.532933381880099,3.4889342663555163,3.56905936021384
318,13.151377405013411,13.713483048518388,14.958831455056384,18.056522210849398,22.3911633831493,23.037872663356275,20.696303319476815,18.042878858636023,15.267584839921012,12.886543963936317,10.545909624446494,8.224231761418,5.879357315725883,4.359236305442169,3.3552421004012274,3.432296887819985
319,13.928965272147886,14.524305953700702,15.843286785303933,19.124131493238938,23.715062503489726,24.40000909332337,21.919992204690093,19.10968146467363,16.17029551169011,13.64847329856494,11.1694466973572,8.710497392555826,6.22697998477908,4.616980354350062,3.553624024075337,3.635234750081833
320,14.807977643691206,15.440888368254637,16.84310585427943,20.330994160287982,25.211644117787632,25.939815492416592,23.303292683626847,20.31563223671615,17.19075105368997,14.509784720319042,11.874314692821502,9.260188975581197,6.619944741100085,4.908343192245943,3.7778818508373724,3.864642768290882
321,14.68964905521422,15.31750227398777,16.708514825763505,20.168531878185213,25.01018120817061,25.73253386176943,23.11707915761612,20.15329270971045,17.053382038420768,14.393838952006003,11.77942861650901,9.186192031712405,6.567045639287642,4.869121271759964,3.747693297234792,3.8337609196858176
322,13.709212179262067,14.29516035006223,15.59333201806008,18.822415826476668,23.34091709991526,24.01505749355007,21.57416708495589,18.80819377166303,15.915181626190149,13.43314544312643,10.993229698491145,8.573074496799498,6.128738795698821,4.544139644876103,3.49755956738483,3.577882745529572
323,14.250142869442568,14.859211066710811,16.208605291275767,19.56510054466071,24.261890401021642,24.962630662222832,22.42542891814771,19.55031732368918,16.543154267420828,13.963183241128945,11.426994618776869,8.911346240199723,6.370563261127131,4.723439852812029,3.635564383853778,3.719056910581291
324,13.7599244314665,14.34804010474805,15.65101388742406,18.89204251880642,23.427258346893982,24.103892478113135,21.653972881817577,18.87776785466547,15.974054061305521,13.482836486689166,11.033895159767942,8.604787472743258,6.151409839332716,4.560949039370103,3.510497518928799,3.5911178235031684
325,14.554416382669112,15.176489594825641,16.55469650745959,19.98286069863921,24.779937882894014,25.49564056960123,22.904263699318108,19.967761821703885,16.896388878113093,14.26132950250537,11.670987386437591,9.10162409586234,6.506589522930548,4.824296219775996,3.7131920931175597,3.7984673784228846
326,12.813295723650624,13.36095135061305,14.57428565929659,17.592344261984344,21.815555069957814,22.445639432935813,20.16426467373185,17.579051638619667,14.875101939151834,12.555270340184766,10.274806549267948,8.012811921792872,5.728217024833165,4.247173675482235,3.2689890901081395,3.3440630346626556
327,12.39069362194711,12.920286728231352,14.093603414596828,17.012121825903087,21.09604467846842,21.705347894910215,19.499216366550723,16.999267613599223,14.384498313190372,12.141178310495288,9.935927705294732,7.748537122261447,5.539291661217297,4.107095388032292,3.161172827241773,3.233770718215997
328,12.458309958219663,12.990793067812417,14.17051257374877,17.10495741567609,21.21116634110672,21.823794540994317,19.60562409569973,17.09203305760249,14.462994893344217,12.207433035245588,9.990148320330443,7.790821090186471,5.569519719395836,4.129507914024275,3.1784234293003886,3.2514174888474616
329,13.793732599602777,14.383293274538573,15.689468467,18.93846031369292,23.484819178213133,24.16311580115517,21.707176746392115,18.924150576667085,16.013302351382453,13.515963849064308,11.061005467285813,8.625929456705778,6.166523868421986,4.572155302366086,3.519122819958097,3.5999412088189007
330,14.36847145791957,14.982597160977678,16.343196319791673,19.72756282676346,24.463353310638695,25.169912292869963,22.61164244415847,19.712656850694884,16.680523282690064,14.079129009441983,11.521880695089376,8.985343184068515,6.423462362939566,4.762661773298005,3.6657529374563507,3.7499387591863558
331,14.638936803009821,15.264622519301968,16.65083295639951,20.098905185855497,24.923839961191884,25.64369887720633,23.037273360754398,20.08371862670794,16.994509603305396,14.344147908443233,11.73876315523223,9.154479055768645,6.544374595653721,4.852311877265963,3.7347553456908225,3.820525841712217
332,15.044634820645197,15.687660556788387,17.112287911311277,20.655918724493535,25.614569937021674,26.354378753710893,23.675719735648272,20.640311290727563,17.465489084228402,14.741676256945116,12.064086845446516,9.408182863318823,6.725742944724955,4.986787033217906,3.8382589580425344,3.926406465501007
333,14.58822455080539,15.21174276461615,16.593151087035558,20.029278493525776,24.83749871421313,25.55486389264323,22.957467563892642,20.014144543705502,16.935637168190006,14.294456864880479,11.698097693955447,9.122766079824876,6.521703552019817,4.835502482771972,3.7218173941468655,3.807290763738621
334,15.33200424980357,15.987312500007922,17.439151837707122,21.05046998102882,26.10383700323444,26.857776999568255,24.12795258453145,21.03456442774148,17.79909954988219,15.023258837133946,12.294524459348297,9.58788972700019,6.854212191983753,5.082040268683865,3.9115740167916653,4.001405240684741
335,15.957455360324778,16.63949614113283,18.150561559862776,21.90919918642914,27.16871238263869,27.953408475846118,25.112224079159496,21.892644784771715,18.525192916305155,15.636115041074374,12.796065148428656,9.979016430306697,7.133821730135245,5.289356134109783,4.071142085833884,4.164637869025796
336,15.923647192188485,16.604242971342305,18.11210698028679,21.862781391542644,27.111151551319576,27.894185152804084,25.059020214584994,21.84626206277007,18.485944626228243,15.602987678699233,12.768954840910803,9.957874446344183,7.118707701045976,5.278149871113791,4.06251678480457,4.155814483710064
337,15.906743108120347,16.586616386447027,18.092879690498812,21.839572494099393,27.08237113566,27.86457349128305,25.032418282297744,21.823070701769243,18.46632048118977,15.58642399751167,12.755399687151876,9.947303454362928,7.1111506865013405,5.272546739615799,4.058204134289915,4.151402791052196
338,15.213675661326581,15.863926405741024,17.304560809191212,20.8880076989261,25.902374093617418,26.650495368921092,23.94173905852069,20.87222490073574,17.661730534612975,14.90731306882094,12.199638383035806,9.513892783131382,6.801313090171318,5.042818348197898,3.8813854631890803,3.9705233920796723
339,14.807977643691206,15.44088836825462,16.84310585427946,20.330994160288064,25.211644117787632,25.93981549241653,23.303292683626815,20.31563223671612,17.19075105368997,14.509784720319042,11.874314692821518,9.260188975581205,6.619944741100085,4.9083431922459555,3.7778818508373684,3.864642768290886
340,14.554416382669112,15.176489594825625,16.554696507459603,19.98286069863928,24.779937882894014,25.495640569601196,22.90426369931814,19.967761821703853,16.896388878113093,14.261329502505353,11.670987386437575,9.101624095862348,6.506589522930564,4.824296219775988,3.7131920931175517,3.7984673784228886
341,13.912061188079763,14.506679368805473,15.824059495515971,19.100922595795737,23.686282087830154,24.370397431802303,21.893390272402808,19.08649010367279,16.150671366651654,13.631909617377362,11.155891543598289,8.69992640057457,6.2194229702344375,4.611377222852078,3.549311373560678,3.630823057423965
342,14.047293860624873,14.647692047967634,15.97787781381989,19.28659377534174,23.91652541310678,24.6072907239705,22.10620573070079,19.27202099167932,16.30766452695931,13.764419066877979,11.264332773669723,8.784494336424634,6.279879086591515,4.656202274836062,3.58381257767791,3.666116598686894
343,14.537512298600957,15.158863009930396,16.535469217671594,19.959651801196028,24.75115746723444,25.466028908080165,22.87766176703089,19.94457046070303,16.87676473307462,14.244765821317742,11.657432232678648,9.091053103881077,6.4990325083859295,4.818693088277988,3.7088794426028926,3.7940556857650125
344,15.653181847098235,16.32221761301808,17.804470343678922,21.491439032450575,26.650664900766383,27.42039856846772,24.633389297989066,21.475200286756976,18.171958305612925,15.337968779697933,12.55207238076795,9.78873857464404,6.997795468331828,5.188499767145832,3.99351437657009,4.085227401184194
345,17.445014758321122,18.19063561191651,19.8425630612059,23.951582161435194,29.701388960681307,30.559234689696204,27.45319412043708,23.933484552843634,20.252117679689555,17.09371898558129,13.988918679214375,10.909263724657292,7.798839010063115,5.782431705933585,4.450655331123471,4.552866822918028
346,18.83114965190865,19.63601557332845,21.419200823821093,25.85471175178181,32.06138304476641,32.98739093442013,29.634552567991186,25.835176154910673,21.861297572843178,18.45194084296278,15.100441287446529,11.776085067120366,8.418514202723177,6.241888488769397,4.804292673325141,4.914625620863059
347,21.84007661603768,22.773547684686132,24.84165840608333,29.98589549668051,37.18429703217076,38.2582666851623,34.36969651512085,29.963238413056192,25.354395389688857,21.400276094351803,17.513258656535836,13.657721639784118,9.763662791668164,7.239245895412986,5.571944464933641,5.699906913963259
348,23.581197275056184,24.589085928898708,26.822069254246344,32.376411933335376,40.148679845107026,41.30826782182775,37.10969554070711,32.35194859614038,27.375682328650132,23.106335256672406,18.90943949370548,14.746533813853603,10.542035289765554,7.816368439706748,6.016147467943061,6.154311257723488
349,23.80095036794202,24.81823153253718,27.072024021490215,32.67812760009763,40.52282524868146,41.69321942160104,37.455520660441316,32.65343628915103,27.63079621415009,23.32166311211095,19.08565649257155,14.883956709609931,10.640276478845797,7.889209149180715,6.072211924633572,6.211663262275749
350,23.66571769539691,24.677218853375052,26.918205703186295,32.4924564205516,40.29258192340483,41.456326129432874,37.24270520214337,32.4679054011445,27.473803053842435,23.18915366261035,18.977215262500117,14.799388773759883,10.57982036248872,7.844384097196739,6.03771072051634,6.17636972101282
351,24.916619916439327,25.981586135624866,28.34102514749757,34.20991483135221,42.42233268221337,43.647589081988635,39.21124819139949,34.184066115205006,28.92598978668837,24.414866070491176,19.980296640660836,15.58164218037291,11.139039438791704,8.259015828048566,6.356846858600777,6.502834977694923
352,25.542071026960553,26.633769776749755,29.052434869653194,35.0686440367525,43.48720806161769,44.74322055826652,40.19551968602754,35.042146472235245,29.652083153111334,25.02772227443159,20.481837329741193,15.972768883679416,11.418648976943198,8.466331693474476,6.516414927642992,6.666067606035971
353,27.198671265638332,28.361175096486022,30.936709268876225,37.34311598619109,46.30768879625605,47.64516338732684,42.80250905017757,37.31489985031538,31.575249366880307,26.650963030814314,21.810242398116184,17.008726097842604,12.159236402317399,9.015438580278246,6.939054678079141,7.098413486506867
354,26.607028323253417,27.744244625151623,30.26375412629659,36.530804575677294,45.30037424817095,46.608755234091014,41.87144142012399,36.503202215286755,30.888404290534222,26.071234189249058,21.335812016553696,16.63874137849861,11.894740893255191,8.819328977848329,6.788111910066236,6.944004243481548
355,25.71111186764194,26.810035625702444,29.2447077675331,35.30073301118497,43.77501221821343,45.039337173476724,40.461539008900026,35.27406008224342,29.848324603495875,25.193359086307378,20.617388867330483,16.078478803491976,11.494219122389543,8.522363008454452,6.559541432789542,6.710184532614635
356,25.220893429665857,26.298864663739682,28.687116363681394,34.62767498533068,42.940380164085774,44.18059898936703,39.690082972569925,34.601510613219716,29.2792243973806,24.713012331867567,20.224289408321543,15.771920036035535,11.275065700595146,8.359872195012517,6.43447456786456,6.5822454455365085
357,23.969991208623437,24.994497381489833,27.264296919370118,32.910216574530104,40.81062940527727,41.98933603681131,37.72153998331377,32.88534989915921,27.827037664534632,23.48729992398671,19.221208030160824,14.989666629422507,10.71584662429216,7.94524046416069,6.115338429780122,6.2557801888544065
358,21.671035775356295,22.597281835733416,24.64938550820346,29.75380652224794,36.89649287557508,37.96215006995207,34.10367719224847,29.731324803048047,25.15815393930422,21.234639282476014,17.377707118946514,13.552011719971542,9.688092646221824,7.1832145804330105,5.528817959787107,5.655789987384586
359,21.434378598402322,22.350509647199683,24.38020345117161,29.428881958042407,36.493567056341035,37.547586808657734,33.731250140227075,29.406645749036606,24.88341590876582,21.002747745849906,17.18793496632153,13.404017832233942,9.582294442596938,7.104770739461044,5.468440852581945,5.594026290174464
360,19.473504846498013,20.305825799348604,22.14983783576476,26.736649854625252,33.15503883983034,34.112634072219016,30.645425994906613,26.716447872941767,22.607015084304585,19.081360728090754,15.615537130285832,12.177782762408128,8.705680755419296,6.454807485693315,4.968173392882022,5.082269941861974
361,17.90142502816093,18.666553404088713,20.36169988548165,24.578222392402918,30.47846018348985,31.358749550763864,28.171446292192805,24.55965129986576,20.78196959572792,17.540938377645944,14.354907830705445,11.19468050815122,8.00287840276826,5.933716256379528,4.567096895019152,4.67198252468041
362,17.394302506116706,18.137755857230655,19.784881191841936,23.88195546910541,29.615047713702616,30.4703997051332,27.373388323575455,23.86391046984126,20.193245244574168,17.0440279420186,13.948253217937593,10.877550748713523,7.776167966429219,5.765622311439594,4.437717379579518,4.5396317449444235
363,16.24482478948315,16.939148084352446,18.47742548625859,22.303750442964333,27.657979448851556,28.45680672170361,25.56445692804274,22.28689792178563,18.858803381958946,15.917697621263253,13.026502762330438,10.158723293988032,7.262290977394043,5.38460936957575,4.1444571445830105,4.239636644209521
364,15.653181847098235,16.32221761301808,17.804470343678954,21.49143903245054,26.65066490076645,27.420398568467785,24.633389297989133,21.47520028675704,18.171958305612893,15.337968779697999,12.552072380767934,9.78873857464404,6.99779546833182,5.188499767145832,3.9935143765701064,4.085227401184203
365,16.329345209823877,17.02728100882879,18.573561935198573,22.41979493018055,27.801881527149426,28.604865029308776,25.697466589478932,22.40285472678975,18.95692410715125,16.000516027201133,13.09427853112509,10.211578253894329,7.300076050117208,5.412625027065734,4.166020397156282,4.261695107498854
366,14.081102028761181,14.682945217758158,16.016332393395846,19.33301157022814,23.974086244425962,24.666514047012633,22.15940959527526,19.318403713681032,16.34691281703619,13.797546429253154,11.291443081187579,8.805636320387148,6.294993115680768,4.667408537832038,3.5924378787072277,3.6749399840026302
367,13.218993741286015,13.783989388099501,15.035740614208342,18.14935780062238,22.506285045787667,23.15631930944041,20.802711048625756,18.13564430263932,15.346081420074793,12.952798688686633,10.600130239482203,8.266515729343041,5.909585373904406,4.381648831434161,3.3724927024598434,3.4499436584514536
368,12.323077285674572,12.849780388650288,14.016694255444886,16.919286236130056,20.98092301583022,21.586901248826116,19.39280863740175,16.90650216959596,14.306001733036478,12.074923585744955,9.881707090259008,7.706253154336423,5.509063603038759,4.0846828620402835,3.143922225183149,3.216123947584541
369,11.646913922948963,12.144716992839578,13.247602663925298,15.99093033839998,19.829706389447242,20.40243478798519,18.328731345911883,15.978847729563247,13.521035931498123,11.412376338241788,9.33950093990185,7.283413475086117,5.2067830212533535,3.8605576021203825,2.971416204596973,3.0396562412698893
370,11.866667015834796,12.37386259647805,13.497557431169168,16.292646005162233,20.20385179302171,20.787386387758488,18.674556465646088,16.2803354225739,13.776149816998084,11.627704193680334,9.51571793876792,7.420836370842478,5.305024210333613,3.9333983115943574,3.027480661287484,3.0970082458221504
371,11.731434343289655,12.23284991731592,13.343739112865219,16.10697482561623,19.973608467745116,20.55049309559029,18.46174100734814,16.09480453456737,13.619156656690425,11.4951947441797,9.407276708696502,7.336268434992413,5.244568093976535,3.888573259610374,2.992979457170244,3.061714704559214
372,10.581956626656067,11.034242144437712,12.036283407281871,14.528769799475153,18.016540202894053,18.536900112160634,16.652809611815428,14.517791986511773,12.284714794075237,10.368864423424352,8.485526253089347,6.617440980266922,4.730691104941376,3.507560317746538,2.6997192221737367,2.7617196038243117
373,10.93694239208701,11.404400427238345,12.440056492829692,15.016156645783472,18.620928931745116,19.158745004102133,17.21145018984758,15.004810567528953,12.696821839882887,10.716701728363498,8.770184482026837,6.8394318118733155,4.889388410378713,3.6252260792044972,2.7902848829814793,2.8543651496395097
374,10.80170971954187,11.263387748076184,12.286238174525774,14.830485466237471,18.39068560646852,18.921851711933932,16.998634731549632,14.819279679522424,12.539828679575228,10.584192278862863,8.661743251955418,6.754863876023267,4.828932294021635,3.5804010272205136,2.7557836788642396,2.819071608376573
375,10.936942392086978,11.404400427238345,12.440056492829692,15.016156645783472,18.620928931745116,19.158745004102133,17.21145018984758,15.004810567529018,12.696821839882919,10.716701728363498,8.770184482026837,6.8394318118733155,4.889388410378713,3.6252260792044972,2.7902848829814793,2.8543651496395017
376,11.17359956904095,11.65117261577208,12.709238549861539,15.341081209988975,19.023854750979158,19.573308265396463,17.583877241869036,15.329489621540429,12.971559870421354,10.948593264989606,8.959956634651851,6.987425699610932,4.9951866140036145,3.703669920176464,2.8506619901866412,2.916128846849623
377,10.683381131064866,11.140001653809318,12.151647146009834,14.66802318413472,18.189222696851434,18.71457008128677,16.812421205538936,14.65694015251672,12.402459664306045,10.468246510549793,8.566857175642943,6.6808669321544585,4.7760331922092,3.541179106734538,2.7255951252616586,2.788189759771496
378,10.328395365633924,10.769843371008685,11.747874060462047,14.180636337826465,17.584833968000307,18.09272518934527,16.253780627506785,14.16992157149954,11.990352618498394,10.120409205610647,8.282198946705453,6.458876100548066,4.617335886771879,3.4235133452765956,2.6350294644539156,2.6955442139563064
379,9.922697347998565,10.346805333522266,11.286419105550294,13.623622799188459,16.89410399217052,17.38204531284074,15.615334252612943,13.613328907479886,11.519373137575355,9.722880857108748,7.956875256491165,6.205172292997888,4.43596753770063,3.289038189324645,2.531525852102212,2.589663590167512
380,9.060589060523398,9.447849503863576,10.305827326362792,12.439969029582633,15.426302793532159,15.871850575268581,14.25863570596344,12.430569496438173,10.518541740613955,8.878133116542228,7.265562414785791,5.666051701953783,4.050559795924252,3.003278482926768,2.3115806758548354,2.3646672646163274
381,8.38442569779779,8.742786108052867,9.536735734843173,11.51161313185256,14.275086167149182,14.687384114427655,13.194558414473638,11.502915056405461,9.733575939075568,8.215585869039062,6.723356264428633,5.243212022703476,3.7482792141388472,2.7791532230068503,2.13907465526866,2.188199558301676
382,8.26609710932082,8.619400013785967,9.402144706327233,11.349150849749808,14.07362325753216,14.480102483780488,13.008344888462943,11.340575529399691,9.596206923806319,8.099640100725992,6.628470188116125,5.169215078834668,3.6953801123263963,2.7399313025208585,2.108886101666079,2.157317709696607
383,7.522317410322622,7.8438302783942095,8.55614395565567,10.3279593622468,12.80728496851082,13.177189376855429,11.837859867824136,10.32015564536375,8.732744542114103,7.370838128472542,6.032043422723258,4.7040914316593705,3.362871472362453,2.493393516608957,1.9191294790212754,1.9632032327504914
384,6.829249963528874,7.121140297688206,7.767825074348041,9.376394567073476,11.627287926468268,11.96311125449347,10.747180644047083,9.369309844330214,7.928154595537308,6.6917271997818135,5.476282118607189,4.270680760427824,3.053033876032438,2.2636651251910473,1.7423108079204408,1.7823238337779717
385,6.60949687064304,6.891994694049702,7.517870307104171,9.074678900311223,11.2531425228938,11.57815965472017,10.401355524312944,9.067822151319563,7.6730407100373474,6.4763993443433,5.3000651197410855,4.13325786467148,2.9547926869521786,2.190824415717072,1.6862463512299297,1.7249718292257106
386,6.440456029961622,6.715728845097017,7.325597409224266,8.842589925878722,10.96533836629799,11.282043039509906,10.135336201440493,8.835908541311385,7.476799259652775,6.310762532467509,5.164513582151812,4.027547944858919,2.8792225415058317,2.134793100737105,1.6431198460833798,1.6808549026470456
387,6.406647861825344,6.680475675306492,7.287142829648279,8.79617213099222,10.907777534978843,11.222819716467841,10.082132336866055,8.789525819309736,7.437550969575828,6.277635170092351,5.137403274633958,4.006405960896408,2.864108512416562,2.123586837741105,1.6344945450540698,1.6720315173313094
388,6.017853928258091,6.2750642227153355,6.844915164524504,8.262367489797466,10.245827974808565,10.541751501484343,9.4702878942594,8.256124516290972,6.986195633691295,5.896670502778046,4.825634738178613,3.763273145327503,2.690297177889972,1.9947148132871624,1.535303583217017,1.5705625862003916
389,5.747388583167841,5.993038864391045,6.537278527916636,7.891025130705462,9.78534132425531,10.067964917148013,9.04465697766344,7.885062740277915,6.67220931307598,5.63165160377678,4.608752278035744,3.5941372736274064,2.5693849451758166,1.9050647093192115,1.4663011749825452,1.4999755036745341
390,6.541880534370454,6.821488354468621,7.440961147952196,8.981843310538222,11.138020860255372,11.459713008636104,10.294947795164003,8.97505670731633,7.594544129883551,6.410144619592984,5.245844504705376,4.090973896746489,2.924564628773656,2.1684118897251046,1.6689957491713099,1.7073250585942543
391,6.727825459119978,7.015380788316569,7.652461335620111,9.237141182414039,11.454605432510691,11.785441285367401,10.587569050323705,9.230161678325333,7.810409725306597,6.59234511265637,5.394951196053561,4.207254808540321,3.0076917887646295,2.2300463362030802,1.7164349048325107,1.7558536778307874
392,6.694017290983701,6.980127618526045,7.614006756044156,9.190723387527473,11.397044601191542,11.726217962325336,10.5343651857492,9.183778956323684,7.77116143522965,6.559217750281213,5.367840888535706,4.186112824577809,2.99257775967536,2.21884007320708,1.7078096038032007,1.7470302925150512
393,6.220702937075755,6.486583241458545,7.075642641980396,8.540874259116467,10.591192962723458,10.897091439736673,9.789511081706289,8.5344208483008,7.221685374152782,6.095434677029028,4.988296583285709,3.8901250491026076,2.7809813524255884,2.0619523912631457,1.587055389392877,1.6235028980948008
394,6.102374348598752,6.363197147191678,6.941051613464489,8.378411977013716,10.389730053106437,10.689809809089509,9.603297555695528,8.372081321295095,7.084316358883565,5.979488908715991,4.893410506973233,3.816128105233799,2.7280822506131535,2.0227304707771703,1.5568668357902962,1.5926210494897401
395,6.710921375051806,6.997754203421339,7.6332340458321335,9.213932284970724,11.425825016851181,11.755829623846305,10.560967118036388,9.206970317324508,7.790785580268091,6.57578143146884,5.381396042294649,4.196683816559049,3.0001347742200033,2.2244432047050884,1.7121222543178516,1.7514419851729275
396,6.91377038386947,7.209273222164581,7.863961523288059,9.492439054289727,11.77119000476614,12.111169562098569,10.88019030548334,9.485266649334335,8.026275320729578,6.77454560571979,5.54405788740181,4.323535720334121,3.0908189487556195,2.2916807826810555,1.7638740604937035,1.8043822970673205
397,6.10237434859872,6.363197147191711,6.941051613464489,8.378411977013716,10.389730053106502,10.689809809089443,9.603297555695528,8.372081321295095,7.084316358883565,5.979488908715991,4.893410506973233,3.8161281052337666,2.7280822506131535,2.0227304707771703,1.556866835790288,1.5926210494897322
398,6.254511105211999,6.521836411249134,7.114097221556416,8.587292054002969,10.648753794042673,10.956314762778609,9.842714946280726,8.580803570302448,7.260933664229664,6.128562039404187,5.015406890803596,3.911267033065087,2.796095381514874,2.073158654259146,1.595680690422179,1.632326283410529
399,6.491168282165972,6.7686085997829,7.3832792785882315,8.912216618208536,11.051679613276715,11.37087802407294,10.215141998302117,8.905482624313922,7.535671694768098,6.360453576030295,5.20517904342861,4.059260920802704,2.90189358513976,2.151602495231113,1.6560577976273407,1.6940899806206582
400,6.491168282165972,6.7686085997829,7.3832792785882315,8.912216618208536,11.051679613276715,11.37087802407294,10.215141998302117,8.905482624313922,7.535671694768098,6.360453576030295,5.20517904342861,4.059260920802704,2.90189358513976,2.151602495231113,1.6560577976273407,1.6940899806206582
401,6.592592786574804,6.874368109154505,7.498643017316161,9.051470002868038,11.22436210723416,11.548547993199074,10.374753592025627,9.044630790318804,7.6534165649988735,6.45983566315577,5.286509965982175,4.12268687269024,2.9472356724075683,2.1852212842190966,1.6819337007152626,1.7205601365678587
402,5.882621255712918,6.134051543553239,6.691096846220587,8.07669631025153,10.01558464953197,10.30485820931608,9.257472435961322,8.070593628284444,6.829202473383573,5.764161053277446,4.7171935081071625,3.6787052094774544,2.6298410615329106,1.9498897613031951,1.500802379099777,1.5352690449374709
403,5.324786481464279,5.552374242009397,6.056596283216875,7.310802694624272,9.065830932765948,9.327673379122318,8.379608670482217,7.305278715257438,6.181605687114435,5.217559574087351,4.269873434062512,3.3298624740959895,2.380459581559973,1.764986421869269,1.3584849121161742,1.389683187227888
404,5.105033388578444,5.323228638370925,5.806641515973037,7.009087027861954,8.69168552919148,8.94272177934902,8.033783550748078,7.003791022246787,5.926491801614442,5.002231718648837,4.093656435196441,3.192439578339645,2.282218392479714,1.6921457123952937,1.3024204554256633,1.332331182675627
405,5.290978313328002,5.517121072218872,6.01814170364092,7.264384899737706,9.008270101446799,9.268450056080317,8.32640480590778,7.2588959932557895,6.142357397037488,5.184432211712192,4.2427631265446575,3.3087204901334775,2.365345552470688,1.753780158873269,1.3498596110868644,1.3808598019121519
406,5.341690565532417,5.570000826904659,6.075823573004917,7.334011592067457,9.094611348425522,9.357285040643417,8.406210602769534,7.328470076258262,6.201229832152876,5.2341232552749135,4.283428587821455,3.3404334660772292,2.3880165961046,1.7705895533672609,1.3627975626308333,1.3940948798857562
407,5.5783477424863905,5.816773015438392,6.3450056300367965,7.65893615627296,9.497537167659564,9.771848301937748,8.77863765479099,7.653149130269737,6.47596786269131,5.466014791900989,4.473200740446438,3.488427353814846,2.4938147997294857,1.849033394339228,1.4231746698359953,1.4558585770958774
408,5.629059994690839,5.869652770124178,6.402687499400729,7.728562848602711,9.583878414638288,9.860683286500846,8.858443451652679,7.72272321327221,6.5348402978066975,5.51570583546371,4.513866201723204,3.5201403297586302,2.5164858433633817,1.8658427888332199,1.4361126213799642,1.4690936550694735
409,5.73048449909967,5.975412279495783,6.518051238128659,7.867816233262212,9.756560908595734,10.038353255627044,9.018055045376125,7.861871379277155,6.652585168037474,5.6150879225891845,4.5951971242768,3.5835662816461666,2.56182793063119,1.8994615778212034,1.4619885244678943,1.4955638110166742
410,6.355935609620896,6.627595920620706,7.229460960284281,8.72654543866247,10.821436288000054,11.133984731904873,10.002326540004235,8.719951736307394,7.37867853446044,6.227944126529597,5.0967378133571595,3.974692984952656,2.841437468782666,2.1067774432471134,1.621556593510117,1.6587964393577213
411,7.40398882184562,7.720444184127343,8.421552927139667,10.165497080144048,12.605822058893734,12.96990774620833,11.651646341813441,10.15781611835811,8.595375526844887,7.254892360159472,5.937157346410751,4.630094487790594,3.3099723705500343,2.4541715961229653,1.8889409254186944,1.9323213841454308
412,7.387084737777449,7.7028175992320485,8.402325637351689,10.142288182700797,12.577041643234159,12.940296084687295,11.625044409526188,10.134624757357285,8.575751381806445,7.238328678971909,5.92360219265184,4.6195234958093225,3.3024153560054077,2.4485684646249735,1.8846282749040353,1.9279096914875709
413,7.268756149300478,7.579431504965181,8.26773460883578,9.979825900598046,12.375578733617138,12.73301445404013,11.438830883515493,9.972285230351515,8.438382366537228,7.122382910658871,5.828716116339332,4.5455265519405135,3.2495162541929568,2.409346544138998,1.8544397213014463,1.8970278428825023
414,7.201139813027924,7.508925165384101,8.190825449683805,9.886990310825045,12.260457070978841,12.614567807956064,11.332423154366486,9.879519786348217,8.3598857863834,7.0561281859085865,5.774495501303623,4.5032425840154895,3.2192881960144177,2.3869340181469982,1.8371891192428262,1.879381072251046
415,7.150427560823475,7.456045410698282,8.133143580319873,9.817363618495294,12.174115824000117,12.525732823392966,11.252617357504798,9.809945703345745,8.301013351268011,7.006437142345866,5.733830040026858,4.471529608071705,3.196617152380522,2.3701246236530062,1.8242511676988573,1.8661459942774496
416,7.268756149300478,7.579431504965149,8.26773460883578,9.979825900598046,12.375578733617138,12.73301445404013,11.438830883515493,9.97228523035145,8.438382366537228,7.122382910658904,5.828716116339332,4.5455265519405135,3.2495162541929568,2.409346544138998,1.85443972130143,1.8970278428825185
417,7.37018065370931,7.685191014336722,8.383098347563775,10.119079285257547,12.548261227574585,12.910684423166263,11.598442477238937,10.111433396356395,8.556127236768004,7.221764997784378,5.9100470388928965,4.608952503828083,3.2948583414607646,2.442965333126998,1.88031562438936,1.923497998829719
418,6.761633627256255,7.050633958107028,7.690915915196131,9.28355897730054,11.51216626382984,11.844664608409403,10.640772914898077,9.276544400326982,7.849658015383544,6.625472475031529,5.422061503571448,4.228396792502833,3.0228058178538992,2.24125259919908,1.7250602058617963,1.7646770631465318
419,6.6433050387792845,6.927247863840161,7.556324886680159,9.121096695197789,11.31070335421282,11.637382977762238,10.454559388887317,9.114204873321276,7.7122890001143265,6.509526706718491,5.327175427258941,4.154399848634057,2.969906716041448,2.2020306787130886,1.6948716522592235,1.7337952145414712
420,7.082811224550921,7.385539071117104,8.056234421167899,9.724528028722293,12.05899416136182,12.407286177308833,11.146209628355662,9.717180259342578,8.222516771114247,6.9401824175955165,5.679609424991083,4.429245640146746,3.1663890942019504,2.347712097661023,1.8070005656402373,1.8484992236459934
421,7.995631764230503,8.337374655461579,9.094508069719398,10.977808490657806,13.613136606978903,14.006315899444091,12.58271397186692,10.969513753386698,9.282220603191035,7.834621201724758,6.411587727973223,5.000079207134604,3.5744678796122407,2.6502811985528916,2.039883693431591,2.086730627170774
422,9.466287078158725,9.87088754134993,10.767282281274545,12.99698256822064,16.117032769361945,16.582530451773113,14.897082080857217,12.987162160457826,10.989521221536961,9.275661465044127,7.590886105000014,5.919755509503992,4.231928144995469,3.137753638878686,2.4150842882065313,2.470547888405138
423,10.429819870042722,10.875602880380224,11.863237799190042,14.319889722485966,17.757516461957753,18.270395158471405,16.41339222123023,14.30906973750442,12.108097488729138,10.219791292736122,8.363529869258953,6.522302052435634,4.662677974039655,3.4571321342645467,2.6609053675418375,2.722014369903507
424,11.291928157517921,11.77455871003888,12.843829578377543,15.503543492091792,19.22531766059605,19.78058989604363,17.770090767879733,15.491829148546069,13.108928885690537,11.064539033302642,9.054842710964326,7.06142264347974,5.0480857158160335,3.7428918406624234,2.8808505437892142,2.9470106954546833
425,12.323077285674474,12.849780388650222,14.01669425544495,16.91928623613012,20.980923015830154,21.586901248826052,19.392808637401686,16.906502169595893,14.306001733036478,12.074923585744987,9.881707090259008,7.706253154336407,5.509063603038759,4.0846828620402835,3.143922225183149,3.2161239475845247
426,13.75992443146645,14.348040104747984,15.651013887424142,18.892042518806452,23.427258346894046,24.10389247811307,21.653972881817545,18.87776785466537,15.974054061305521,13.482836486689198,11.033895159767942,8.60478747274325,6.151409839332716,4.560949039370095,3.5104975189287706,3.591117823503152
427,14.638936803009788,15.264622519301936,16.650832956399622,20.09890518585553,24.92383996119192,25.643698877206266,23.037273360754302,20.083718626707846,16.994509603305428,14.344147908443315,11.73876315523223,9.154479055768629,6.544374595653737,4.85231187726598,3.7347553456908145,3.820525841712197
428,15.315100165735398,15.969685915112677,17.41992454791924,21.027261083585604,26.075056587574895,26.828165338047192,24.1013506522441,21.011373066740557,17.779475404843783,15.00669515594648,12.280969305589386,9.577318735018935,6.846655177439126,5.076437137185898,3.9072613662769817,3.99699354802684
429,15.940551276256624,16.621869556237602,18.131334270074863,21.885990288985926,27.13993196697915,27.923796814325083,25.085622146872215,21.869453423770796,18.50556877126675,15.619551359886893,12.782509994669747,9.968445438325423,7.126264715590602,5.283753002611808,4.066829435319213,4.160226176367895
430,17.614055599002572,18.366901460869094,20.03483595908587,24.183671135867762,29.989193117277086,30.855351304906435,27.719213443309464,24.165398162851748,20.44835913007416,17.25935579745718,14.124470216803697,11.014973644469885,7.874409155509446,5.8384630209135695,4.493781836270013,4.59698374949666
431,20.251092713632456,21.116648704530885,23.034293166012308,27.804259137014924,34.47893796017076,35.474770502186075,31.869114880119728,27.783250478979294,23.50972575607375,19.84329006271946,16.239074203196555,12.664048393545986,9.053303424472476,6.712551534601208,5.166555316556112,5.28520780412381
432,21.16391325331207,22.06848428887536,24.072566814563743,29.057539598950502,36.03308040578778,37.0738002243214,33.305619223630984,29.03558397302348,24.569429588150538,20.737728846848704,16.971052506178694,13.234881960533878,9.461382209882752,7.015120635493092,5.3994384443474575,5.523439207648591
433,22.61766448317212,23.584370589868417,25.726113736330912,31.053504779070085,38.508196152511246,39.620403115129385,35.5933854003341,31.030041019093783,26.257106061457957,22.162205428980478,18.136795729446572,14.143987270921993,10.111285460721351,7.496989944320879,5.770326388607747,5.902844776225103
434,23.02336250080751,24.007408627354835,26.187568691242696,31.610518317708088,39.198926128341036,40.331082991633984,36.231831775228,31.586633683113437,26.72808554238093,22.559733777482375,18.462119419660862,14.39769107847217,10.292653809792569,7.6314651002728136,5.87383000095945,6.008725400013906
435,23.784046283873845,24.800604947641855,27.05279673170227,32.65491870265441,40.49404483302188,41.663607760080076,37.428918728154066,32.63024492815027,27.611172069111554,23.305099430923423,19.07210133881264,14.873385717628707,10.632719464301138,7.883606017682707,6.067899274118905,6.207251569617889
436,25.66039961543746,26.757155871016558,29.1870258981692,35.231106318855254,43.688670971234714,44.95050218891369,40.38173321203827,35.20448599924105,29.789452168380517,25.143668042744657,20.57672340605372,16.04676582754824,11.4715480787556,8.505553613960453,6.5466034812455485,6.6969494546410555
437,25.778728203914397,26.880541965283424,29.321616926685106,35.393568600958005,43.890133880851735,45.157783819560855,40.56794673804903,35.36682552624676,29.926821183649736,25.25961381105773,20.671609482366225,16.12076277141705,11.524447180568034,8.544775534446444,6.576792034848138,6.7278313032461154
438,23.98689529269151,25.012123966385065,27.283524209158127,32.933425471973415,40.83940982093678,42.018947698332404,37.74814191560108,32.9085412601601,27.846661809573106,23.50386360517437,19.2347631839198,15.00023762140378,10.72340363883674,7.95084359565869,6.119651080294765,6.260191881512291
439,24.12212796523662,25.153136645547225,27.43734252746208,33.11909665151942,41.069653146213376,42.2558409905006,37.96095737389903,33.094072148166624,28.003654969880763,23.636373054675005,19.34320441399122,15.084805557253828,10.783859755193832,7.995668647642658,6.154152284411988,6.2954854227752355
440,23.969991208623405,24.994497381489833,27.26429691937015,32.91021657453017,40.810629405277204,41.98933603681144,37.72153998331383,32.88534989915927,27.827037664534664,23.487299923986743,19.221208030160856,14.989666629422507,10.715846624292112,7.945240464160682,6.115338429780097,6.255780188854422
441,25.592783279164905,26.686649531435574,29.110116739017162,35.13827072908225,43.57354930859641,44.83205554282962,40.27532548288939,35.11172055523775,29.710955588226756,25.077413317994278,20.52250279101801,16.004481859623183,11.441320020577061,8.483141087968452,6.529352879186945,6.679302684009583
442,26.590124239185247,27.726618040256394,30.24452683650855,36.507595678234075,45.27159383251137,46.57914357256998,41.84483948783684,36.48001085428593,30.86878014549588,26.0546705080614,21.322256862794802,16.628170386517372,11.8871838787105,8.813725846350312,6.783799259551562,6.939592550823688
443,27.58746519920552,28.76658654907721,31.378936933999935,37.87692062738591,46.96963835642633,48.32623160231041,43.414353492784294,37.84830115333417,32.026604702764935,27.03192769812852,22.122010934571595,17.251858913411557,12.333047736843971,9.144310604732173,7.038245639916178,7.199882417637793
444,29.599051203314307,30.864150151614076,33.66698441877082,40.63877942313281,50.39450781991569,51.850019323312154,46.579983434966444,40.608073112431484,34.36187796234156,29.00300575945039,23.735074231884123,18.509806959181137,13.232332467655526,9.811083252993901,7.551451051160062,7.724873843923888
445,35.667617383776815,37.192094129015196,40.56958145265935,48.970773605259964,60.726677041703105,62.480605809359595,56.13007712608747,48.933771711724994,41.40694603114831,34.94936730579119,28.601374431339504,22.304793080452423,15.945300689179444,11.822607460775057,9.099692585921032,9.308671508097891
446,37.59468296754488,39.20152480707572,42.76149248849021,51.61658791379055,64.00764442689471,65.85633522275619,59.162697406833495,51.57758686581818,43.64409856553266,36.83762696117518,30.146661959857347,23.50988616631574,16.806800347267817,12.461364451546794,9.591334744591661,9.811604471094645
447,38.33846266654304,39.97709454246751,43.607493239161805,52.63777940129363,65.27398271591599,67.15924832968123,60.3331824274723,52.598006749854186,44.50756094722484,37.56642893342866,30.743088725250214,23.975009813491038,17.139308987231743,12.707902237458695,9.781091367236465,10.005718948040778
448,40.705034436082705,42.44481642780498,46.29931380948047,55.88702504334885,69.30324090825641,71.30488094262455,64.05745294768667,55.84479728996861,47.25494125260905,39.88534429968974,32.640810251500206,25.454948690867013,18.197291023480634,13.492340647178382,10.384862439288083,10.623355920142055
449,42.07426524560209,43.87256980432169,47.856724282307695,57.76694573625218,71.63445457668202,73.70342552582744,66.21220946295352,57.72329753103486,48.844497000724196,41.22700247588364,33.73877770597346,26.311199041348832,18.809409201596054,13.946194298516193,10.734187130975101,10.980703025429225
450,42.12497749780654,43.92544955900751,47.91440615167169,57.83657242858193,71.72079582366067,73.7922605103904,66.29201525981527,57.79287161403727,48.903369435839586,41.27669351944639,33.77944316725023,26.342912017292583,18.83208024522995,13.963003693010185,10.747125082519071,10.99393810340283
451,43.206838878167545,45.05355099230467,49.14495269810303,59.32194186495001,73.56274242587344,75.687406847736,67.99453892619893,59.27711871808957,50.15931471830091,42.33676911545145,34.64697300782161,27.019455504093035,19.31572917608657,14.321604108882022,11.023134715456958,11.276286433506275
452,39.11605053367748,40.78791744764989,44.49194856940936,53.7053886836832,66.59788183625629,68.52138475964823,61.55687131268561,53.66480935589171,45.41027161899384,38.3283582680574,31.366625798160904,24.46127544462885,17.486931656284924,12.965646286366596,9.97947329091057,10.20865681030263
453,40.41766500692432,42.14516448458556,45.9724498830846,55.492473786813534,68.81397384204345,70.80148269676712,63.60522009880346,55.45054415295466,46.92133078695516,39.60376171950098,32.41037263759842,25.275241827185646,18.068821776221803,13.397087411712423,10.311547380538968,10.548357144958329
454,40.468377259128765,42.198044239271375,46.03013175244853,55.56210047914322,68.90031508902211,70.89031768133009,63.68502589566521,55.52011823595707,46.98020322207055,39.65345276306373,32.45103809887522,25.30695480312943,18.0914928198557,13.413896806206415,10.324485332082938,10.561592222931917
455,39.03153011333682,40.69978452317361,44.39581212046934,53.58934419646682,66.45397975795835,68.37332645204307,61.423861651249354,53.548852550887595,45.31215089380157,38.24553986211952,31.298850029366285,24.408420484722587,17.449146583561742,12.937630628876605,9.957910038337316,10.18659834701329
456,38.96391377706426,40.6292781835925,44.31890296131736,53.49650860669375,66.33885809532005,68.25487980595894,61.31745392210035,53.45608710688436,45.23365431364774,38.179285137369206,31.24462941433051,24.36613651679756,17.4189185253832,12.915218102884605,9.940659436278695,10.168951576381833
457,38.89629744079171,40.55877184401139,44.24199380216539,53.40367301692082,66.22373643268176,68.13643315987494,61.21104619295134,53.36332166288113,45.155157733493915,38.11303041261889,31.1904087992948,24.323852548872537,17.388690467204665,12.892805576892622,9.923408834220075,10.15130480575036
458,36.83399918447854,38.408328486788704,41.89626444803058,50.57218752884416,62.71252572221368,64.52381045430995,57.96561045390744,50.53397562078135,42.76101203880197,36.09226130773426,29.536680040705505,23.034191527159173,16.466734692759214,12.2092235341369,9.397265471432222,9.613078301490662
459,37.08756044550065,38.672727260217734,42.18467379485043,50.92032099049292,63.14423195710736,64.96798537712532,58.36463943821608,50.88184603579358,43.055374214378844,36.34071652554797,29.74000734708943,23.19275640687803,16.58008991092876,12.29327050660686,9.461955229152036,9.679253691358651
460,35.02526218918748,36.52228390299505,39.83894444071562,48.08883550241632,59.633021246639274,61.35536267156048,55.11920369917217,48.052499993693864,40.66122851968684,34.31994742066335,28.086278588500136,21.903095385164665,15.658134136483309,11.609688463851139,8.935811866364181,9.141027187098969
461,34.82241318036976,36.310764884251775,39.60821696325976,47.810328733097386,59.28765625872438,61.00002273330821,54.79998051172515,47.774203661684105,40.425738779225284,34.12118324641239,27.923616743392945,21.77624348138956,15.567449961947691,11.542450885875171,8.884060060188322,9.088086875204583
462,35.27882345020953,36.78668267642401,40.127353787535476,48.436968964065144,60.06472748153283,61.79953759437584,55.51823268348068,48.400370408706166,40.955590695263645,34.56840263847698,28.289605894884062,22.06166026488352,15.77148935465282,11.693735436321115,9.000501624083995,9.207202576966974
463,35.81975414039003,37.35073339307259,40.74262706075115,49.17965368224928,60.985700782639206,62.74711076304863,56.3694945166726,49.14249396073228,41.58356333649434,35.098440436479514,28.7233708151698,22.399932008283713,16.01331382008113,11.873035644257032,9.13850644055294,9.348376742018688
464,33.554606875259196,34.98877101710669,38.16617022916047,46.06966142485362,57.12912508425624,58.77914811923139,52.80483559018181,46.034851586622736,38.95392790134084,32.87890715734394,26.90698021147338,20.983419082795276,15.000673871100064,11.122216023525327,8.560611271589226,8.757209925864604
465,33.80816813628131,35.25316979053572,38.45457957598033,46.41779488650237,57.56083131914992,59.22332304204675,53.20386457449058,46.38272200163504,39.24829007691772,33.127362375157645,27.110307517857304,21.141983962514132,15.114029089269609,11.206262995995303,8.625301029309055,8.82338531573261
466,35.075974441391864,36.5751636576808,39.89662631007962,48.15846219474627,59.719362493617936,61.44419765612357,55.19900949603392,48.1220740766964,40.720100954802156,34.369638464226036,28.126944049776935,21.934808361108384,15.680805180117204,11.626497858345115,8.948749817908151,9.154262265072589
467,34.433619246802536,35.90535343166058,39.16598929813602,47.276524091902765,58.625706698554104,60.31895451832458,54.18813606911863,47.24080235866534,39.97438344334075,33.74021857909799,27.611848206937662,21.533110665820622,15.393638627421069,11.413578861421197,8.784869098351269,8.986617944073666
468,34.68718050782464,36.16975220508961,39.45439864495587,47.624657553551515,59.057412933447786,60.763129441139945,54.58716505342727,47.58867277367751,40.26874561891769,33.9886737969117,27.815175513321588,21.69167554553948,15.506993845590614,11.497625833891139,8.849558856071098,9.052793333941654
469,33.165812941691975,34.583359564515504,37.7239425640368,45.53585678365899,56.46717552408609,58.09807990424789,52.192991147575285,45.50145028360397,38.502572565456376,32.49794249002961,26.595211675017968,20.740286267226306,14.826862536573474,10.993343999071353,8.461420309752189,8.655740994733687
470,30.647104415538966,31.956998415120584,34.85907638562627,42.077731064614454,52.17889359080943,53.685942337615415,48.22930323677571,42.04593749448213,35.578574954726,30.02995399308033,24.57549376493762,19.165208462019045,13.700867369422895,10.158477405869721,7.81883538306868,7.998398788711613
471,32.100855645399015,33.47288471611364,36.51262330739343,44.07369624473397,54.654009337532834,56.23254522842347,50.51706941347883,44.04039454055237,37.26625142803342,31.454430575212104,25.741236988205465,20.07431377240716,14.350770620261496,10.640346714697541,8.189723327328968,8.37780435728811
472,29.937132884677016,31.216681849519382,34.05153021453069,41.10295737199782,50.970116133107176,52.44225255373255,47.11202208071141,41.071900332447775,34.754360863110705,29.33427938320197,24.00617730706264,18.72122679880626,13.383472758548221,9.923145882953836,7.637704061453178,7.813107697081217
473,28.010067300909018,29.20725117145886,31.859619178699827,38.457143063467164,47.68914874791569,49.06652314033584,44.07940179996552,38.428085178354586,32.51720832872642,27.44601972781798,22.46088977854476,17.516133712942974,12.521973100459848,9.284388892182116,7.146061902782565,7.310174734084447
474,27.486040694796625,28.660827039705573,31.26357319527207,37.737667242726275,46.79695586246881,48.14856163318421,43.254741899060846,37.709152987329226,31.908859832534226,26.932545611003075,22.040680012017997,17.188432961524022,12.28770564957618,9.110691815744206,7.012369736828272,7.173412261690601
475,26.945110004616122,28.096776323056993,30.648299922056335,36.994982524542266,45.875982561362434,47.20098846451141,42.40348006586906,36.96702943530311,31.280887191303464,26.402507813000543,21.606915091732326,16.850161218123827,12.04588118414787,8.931391607808305,6.874364920359312,7.03223809663887
476,26.09990580120913,27.215447078293632,29.68693543265681,35.83453765237963,44.43696177838371,45.720405388460286,41.07338345150674,35.80746138526216,30.299679939380503,25.57432375362162,20.929157403785926,16.321611619060995,11.668030456916151,8.651235032908419,6.658732394626587,6.811653463745545
477,26.50560381884452,27.638485115780117,30.14839038756866,36.39155119101776,45.1276917542135,46.431085264964814,41.71182982640065,36.36405404928181,30.77065942030354,25.971852102123517,21.25448109400018,16.575315426611137,11.849398805987382,8.785710188860353,6.7622360069782905,6.917534087534331
478,24.578538235076525,25.629054437719592,27.95647935173773,33.74573688248711,41.84672436902201,43.0553558515681,38.67920954565462,33.72023889518862,28.53350688591932,24.083592446739594,19.709193565482305,15.37022234074779,10.987899147899011,8.1469531980886,6.270593848307677,6.414601124537577
479,25.33922201814286,26.422250758006612,28.821707392197304,34.7901372674335,43.14184307370293,44.387880620014066,39.876296498580686,34.76385014022539,29.41659341264988,24.82895810018064,20.319175484634084,15.84591697990436,11.32796480240758,8.399094115498494,6.464663121467132,6.613127294141561
480,23.547389106919905,24.553832759108186,26.783614674670257,32.329994138448846,40.09111901378804,41.249044498785615,37.05649167613267,32.305565874138665,27.336434038573184,23.07320789429728,18.882329186187626,14.725391829891123,10.526921260676286,7.8051621767107395,6.007522166913743,6.1454878724077355
481,22.58385631503591,23.54911742007789,25.687659156754826,31.007086984183584,38.45063532119223,39.56117979208726,35.54018153575972,30.983658297092006,26.217857771380945,22.129078066605285,18.109685421928653,14.12284528695948,10.096171431632099,7.48578368132488,5.7617010875784445,5.894021390909351
482,21.011776496698854,21.909845024818033,23.899521206471814,28.848659521961185,35.77405666485174,36.8072952706321,33.06620183304585,28.826861724015934,24.392812282804307,20.588655716160442,16.849056122348298,13.139743032702556,9.393369078981063,6.964692452011085,5.360624589715583,5.483733973727794
483,20.132764125155518,20.993262610264082,22.899702137496337,27.641796854912172,34.27747505055374,35.26748887153878,31.682901354109163,27.62091095197346,23.372356740804467,19.727344294406326,16.144188126884014,12.590051449677178,9.000404322660026,6.673329614115216,5.136366762953538,5.25432595551875
484,18.645204727159125,19.442123139480504,21.207700636153145,25.599413879906024,31.74479847251119,32.661662657688794,29.341931312831548,25.580071183901573,21.6454319774201,18.269740349899426,14.95133459609828,11.659804155326583,8.33538704273217,6.180254042291414,4.756853517663932,4.866097001626518
485,17.52953517866185,18.278768536392818,19.938699510145852,24.06762664865151,29.84529103897915,30.70729299730127,27.586203781873337,24.04944135784769,20.350238404881825,17.17653739151917,14.05669444800898,10.962118684563652,7.8366240827862645,5.810447363423561,4.472218583696742,4.574925286207352
486,18.087369952910453,18.86044583793669,20.573200073149565,24.833520264278768,30.79504475574504,31.684477827495098,28.46406754735238,24.8147562708747,20.997835191150962,17.723138870709267,14.504014522053629,11.31096141994515,8.086005562759217,5.995350702857487,4.6145360506803526,4.720511143916935
487,17.428110674253016,18.173009027021244,19.823335771417987,23.928373263992007,29.67260854502157,30.5296230281752,27.42659218814983,23.910293191842875,20.23249353465105,17.077155304393727,13.975363525455448,10.898692732676084,7.791281995518473,5.776828574435577,4.446342680608836,4.54845513026016
488,17.10693307695835,17.838103914011235,19.45801726544622,23.487404212570254,29.125780647489723,29.967001459275707,26.921155474692178,23.46965733282741,19.859634778920345,16.76244536182971,13.717815604035811,10.697843885032139,7.647698719170421,5.6703690759736025,4.364402320830403,4.464632969760714
489,16.81956364779996,17.53845197079168,19.131153339050407,23.092852956035,28.63651358127689,29.463603213418278,26.468922625809032,23.075404195813594,19.526024313266525,16.480862781640877,13.487377990133998,10.518137021350737,7.519229471911623,5.575115840507643,4.291087262081272,4.389634194576972
490,15.653181847098235,16.322217613018243,17.804470343679117,21.491439032450607,26.65066490076632,27.420398568467654,24.633389297989066,21.475200286757172,18.17195830561286,15.337968779697933,12.5520723807679,9.788738574644023,6.99779546833182,5.1884997671457835,3.9935143765701144,4.085227401184186
491,14.13181428096563,14.735824972444075,16.07401426275997,19.402638262557957,24.06042749140449,24.75534903157547,22.23921539213695,19.387977796683508,16.40578525215148,13.847237472815843,11.332108542464344,8.837349296330883,6.31766415931468,4.684217932325997,3.6053758302512215,3.688175061976218
492,14.047293860624904,14.647692047967732,15.977877813820019,19.286593775341707,23.916525413106683,24.607290723970436,22.10620573070069,19.27202099167945,16.307664526959083,13.764419066877963,11.264332773669723,8.784494336424618,6.279879086591531,4.656202274836038,3.5838125776779344,3.666116598686894
493,11.105983232768462,11.580666276191161,12.632329390709726,15.24824562021604,18.908733088340732,19.454861619312396,17.477469512719967,15.236724177537196,12.893063290267362,10.882338540239289,8.905736019616143,6.945141731685843,4.964958555825076,3.681257394184448,2.8334113881280376,2.8984820762181664
494,10.581956626656067,11.034242144437874,12.036283407282099,14.528769799475283,18.016540202893857,18.536900112160634,16.652809611815297,14.517791986511838,12.284714794075105,10.368864423424318,8.485526253089379,6.61744098026689,4.730691104941408,3.507560317746538,2.6997192221737447,2.76171960382432
495,10.00721776833929,10.43493825799877,11.382555554490475,13.739667286404776,17.038006070468327,17.530103620445907,15.748343914048876,13.729285712484073,11.617493862767592,9.80569926304666,8.024651025285818,6.258027252904152,4.473752610423811,3.3170538468146202,2.553089104675483,2.6117220534568526
496,8.807027799501286,9.183450730434743,10.017417979543097,12.091835567933881,14.994596558638607,15.427675652453347,13.859606721654538,12.082699081426004,10.224179565037048,8.62967789872859,7.0622351084018975,5.5074868222349584,3.937204577754723,2.9192315104567763,2.2468909181350063,2.2984918747483465
497,8.79012371543318,9.165824145539384,9.998190689755054,12.06862667049063,14.965816142978968,15.398063990932314,13.833004789367285,12.059507720425245,10.204555419998671,8.613114217541026,7.048679954642986,5.496915830253654,3.929647563210113,2.9136283789587845,2.2425782676203556,2.294080182090511
498,9.297246237477404,9.694621692397439,10.57500938339477,12.764893593788267,15.829228612766201,16.286413836563042,14.631062757984703,12.755248550449844,10.793279771152422,9.110024653168368,7.455334567410838,5.814045589691367,4.15635799954917,3.081722323898735,2.3719577830599974,2.4264309618264894
499,8.232288941184574,8.584146843995509,9.363690126751342,11.302733054863372,14.016062426212946,14.420879160738489,12.955141023888245,11.294192807398238,9.556958633729534,8.066512738350932,6.601359880598336,5.148073094872156,3.6802660832371594,2.7287250395248583,2.1002608006367773,2.1484943243808954
500,7.860399091685459,8.196361976299547,8.940689751415448,10.79213731111174,13.382893281702309,13.769422607275894,12.369898513568971,10.783982865380235,9.125227442883443,7.702111752224157,6.303146497901902,4.915511271284556,3.5140117632551795,2.605456146568908,2.0053824893143917,2.0514370859078292
501,6.896866299801461,7.191646637269254,7.844734233500016,9.469230156846347,11.74240958910663,12.081557900577536,10.853588373196024,9.462075288333576,8.006651175691331,6.757981924532162,5.5305027336429315,4.312964728352914,3.083261934210993,2.2860776511830148,1.7595614099790933,1.7999706044094441
502,6.660209122847456,6.944874448735391,7.575552176468071,9.144305592640714,11.339483769872588,11.666994639283205,10.481161321174634,9.137396234322036,7.731913145152897,6.526090387906022,5.340730581017916,4.164970840615362,2.977463730586091,2.207633810211064,1.6991843027739475,1.7382069071993231
503,6.1361825167351265,6.398450316982105,6.979506193040444,8.424829771899956,10.447290884425716,10.749033132131444,9.656501420269965,8.418464043296678,7.123564648960643,6.012616271091052,4.920520814491089,3.837270089196344,2.743196279702423,2.033936733773154,1.565492136819671,1.6014444348054764
504,5.629059994690904,5.869652770124048,6.402687499400729,7.728562848602451,9.583878414638482,9.860683286500846,8.85844345165255,7.72272321327208,6.534840297806762,5.51570583546371,4.5138662017232365,3.5201403297586955,2.5164858433633657,1.865842788833236,1.4361126213800455,1.4690936550694655
505,4.682431286875011,4.8825640159891135,5.32595927127334,6.428864591780309,7.9721751377023145,8.202430241323523,7.368735243566854,6.42400699722631,5.435888175653157,4.588139688959278,3.7547775912232413,2.9281647788082927,2.093293028863822,1.5520674249453674,1.1946041925593818,1.222038866228981
506,4.783855791283843,4.988323525360751,5.441323010001335,6.56811797643981,8.144857631659761,8.38010021044972,7.528346837290363,6.563155163231256,5.553633045883934,4.68752177608472,3.836108513776838,2.9915907306957967,2.1386351161316464,1.5856862139333512,1.2204800956472874,1.2485090221761896
507,4.462678193989177,4.65341841235061,5.076004504029568,6.127148925018056,7.598029734127782,7.817478641550354,7.022910123832584,6.122519304215659,5.1807742901531,4.372811833520765,3.5785605923572024,2.7907418830519157,1.9950518397835952,1.4792267154714085,1.1385397358688547,1.1646868616767279
508,4.226021017035172,4.406646223816876,4.806822446997622,5.802224360812553,7.19510391489374,7.402915380256023,6.650483071811193,5.79784025020425,4.906036259614666,4.14092029689469,3.3887884397321875,2.642747995314299,1.8892536361586931,1.4007828744994575,1.0781626286636765,1.1029231644665742
509,3.7188984949909485,3.87784867695895,4.230003753357908,5.1059574375150465,6.3316914451065065,6.514565534625295,5.852425103193907,5.102099420179782,4.317311908460787,3.6440098612673473,2.9821338269643354,2.325618235876586,1.662543199819668,1.232688929559507,0.9487831132240184,0.9705723847305633
510,3.7527066631272255,3.913101846749409,4.268458332933863,5.152375232401547,6.389252276425656,6.573788857667361,5.9056289677684095,5.14848214218143,4.356560198537669,3.677137223642473,3.0092441344822225,2.34676021983913,1.6776572289089537,1.2438951925554906,0.9574084142533204,0.9793957700462995
511,3.701994410922777,3.86022209206372,4.210776463569865,5.082748540071797,6.302911029446997,6.484953873104262,5.825823170906785,5.078908059179022,4.297687763422281,3.6274461800797195,2.9685786732054242,2.315047243895346,1.6549861852750578,1.2270857980614827,0.944470462709335,0.9661606920726952
512,3.499145402105049,3.6487030733204455,3.9800489861138755,4.804241770752794,5.957546041532104,6.129613934851997,5.5065999834597665,4.800611727169131,4.062198022960729,3.4286820058287697,2.8059168280982965,2.1881953401202736,1.5643020107394412,1.1598482200855156,0.8927186565334913,0.9132203801782778
513,2.7891738712431624,2.908386507719245,3.172502815018301,3.829468078136285,4.748768583829977,4.885924150969004,4.389318827395463,3.826574565134771,3.2379839313454277,2.733007395950478,2.2366003702232513,1.744213676907488,1.2469073998647673,0.9245166971696303,0.711587334918022,0.7279292885478819
514,2.687749366834331,2.8026269983477374,3.057139076290436,3.6902146934767837,4.576086089872531,4.708254181842806,4.229707233672083,3.687426399129955,3.1202390611147814,2.633625308824971,2.1552694476696552,1.6807877250199195,1.2015653125969752,0.8908979081816467,0.6857114318300839,0.7014591326007056
515,2.552516694289222,2.661614319185641,2.903320757986486,3.504543513930782,4.345842764595935,4.471360889674672,4.016891775374071,3.501895511123491,2.9632459008071237,2.5011158593243374,2.0468282175982364,1.596219789169871,1.1411091962398976,0.8460728561976468,0.6512102277128439,0.6661655913377932
516,2.231339096994556,2.3267092061755,2.5380022520147185,3.063574462509028,3.799014867063956,3.908739320775177,3.511455061916422,3.061259652107895,2.59038714507642,2.1864059167603176,1.7892802961786012,1.3953709415259905,0.9975259198918464,0.7396133577357042,0.569269867934411,0.5823434308383314
517,1.9777778359724445,2.0623104327465365,2.2495929051948615,2.7154410008602747,3.367308632170404,3.464564397959813,3.112426077607779,2.7133892370955954,2.29602496949961,1.937950698946679,1.5859529897946751,1.2368060618071337,0.8841707017223014,0.6555663852657615,0.504580110214582,0.5161680409703422
518,1.6735043227459496,1.745031904631625,1.9035016890111365,2.297680846881771,2.8492611502980645,2.9315544905813504,2.6335912964372516,2.2959447390808885,1.9427903588074125,1.639804437570287,1.3419602221339508,1.0465282061444927,0.7481444399188604,0.5547100183018107,0.42695240095080017,0.4367575731287486
519,1.7073124908822916,1.7802850744222138,1.9419562685872214,2.3440986417682717,2.906821981617213,2.990777813623416,2.6867951610117546,2.342327461082537,1.9820386488842945,1.6729317999454776,1.3690705296517731,1.0676701901069723,0.7632584690081136,0.5659162812977944,0.43557770198010204,0.4455809584444848
520,1.6396961546096722,1.7097787348411657,1.8650471094351815,2.2512630519952705,2.7917003189789154,2.872331167539284,2.5803874318627487,2.24956201707924,1.9035420687305304,1.6066770751951611,1.3148499146160637,1.0253862221819483,0.7330304108295748,0.5435037553057944,0.41832709992146583,0.42793418781301235
521,1.436847145791944,1.4982597160978912,1.6343196319791917,1.9727562826762681,2.4463353310640223,2.516991229287019,2.2611642444157303,1.9712656850693488,1.6680523282689788,1.4079129009442113,1.152188069508936,0.8985343184068759,0.6423462362939583,0.47626617732982723,0.3665752937456221,0.37499387591859495
522,1.3523267254512834,1.4101267916214835,1.5381831830392392,1.856711795460017,2.302433252766085,2.3689329216818544,2.1281545829794726,1.8553088800651625,1.5699316030767088,1.3250944950062669,1.0844123007143156,0.845679358500612,0.604561163570809,0.44825051983986797,0.3450120411723674,0.3529354126292544
523,1.3692308095193897,1.4277533765167132,1.5574104728272817,1.8799206929032672,2.3312136684257245,2.3985445832028875,2.154756515266594,1.8785002410660516,1.5895557481152147,1.3416581761938946,1.0979674544732265,0.8562503504818518,0.6121181781154194,0.4538536513378598,0.34932469168701835,0.3573471052871225
524,1.5551757342689467,1.621645810364628,1.768910660495099,2.1352185647790196,2.647798240680978,2.72427285993412,2.447377770426231,2.1336052120750537,1.8054213435382604,1.5238586692572167,1.2470741458214434,0.9725312622756844,0.6952453381064255,0.5154880978158352,0.3967638473482436,0.4058757245236393
525,1.436847145791944,1.4982597160977613,1.6343196319790618,1.9727562826762681,2.4463353310638922,2.516991229287019,2.2611642444156,1.9712656850693488,1.6680523282691087,1.4079129009441462,1.152188069508936,0.8985343184068759,0.6423462362939907,0.4762661773298597,0.36657529374565456,0.37499387591859495
526,1.3016144732467703,1.357247036935535,1.4805013136751117,1.7870851031302664,2.2160920057872966,2.280097937118756,2.048348786117718,1.7857347970628845,1.5110591679614507,1.275403451443513,1.0437468394375173,0.8139663825568277,0.5818901199369131,0.43144112534585993,0.33207408962841456,0.3397003346556825
527,1.2170940529060448,1.2691141124591272,1.3843648647351594,1.6710406159140152,2.0721899274894895,2.1320396295135913,1.9153391246815903,1.669777992058828,1.4129384427690508,1.1925850455056337,0.975971070642897,0.7611114226505639,0.5441050472137314,0.4034254678558682,0.31051083705515986,0.3176418713663744
528,1.1494777166335552,1.198607772878079,1.3074557055832494,1.5782050261410145,1.9570682648511917,2.0135929834294592,1.808931395532714,1.577012548055531,1.3344418626151568,1.126330320755317,0.9217504556071877,0.7188274547255398,0.5138769890351925,0.3810129418638683,0.29326023499652365,0.29999510073490193
529,0.9973409600202753,1.0399685088206232,1.1344100974913869,1.3693249491517625,1.6980445239150868,1.747088029740293,1.5695140049475802,1.3682902990481776,1.1578245572689931,0.977257190067121,0.7997540717767931,0.6236885268941867,0.44586385813347207,0.3305847583818767,0.25444638036463274,0.2602898668141214
530,0.9297246237477209,0.9694621692395751,1.057500938339347,1.2764893593787616,1.582922861276789,1.6286413836561613,1.4631062757987041,1.2755248550448803,1.0793279771150992,0.9110024653168044,0.7455334567410838,0.5814045589691627,0.41563579995493327,0.30817223238987673,0.23719577830602898,0.2426430961826814
531,0.7606837830662698,0.7931963202868896,0.8652280404594421,1.0444003849462595,1.2951187046810446,1.332524768445962,1.1970869529263186,1.0436112450367676,0.8830865267305593,0.7453656534410454,0.6099819191517781,0.4756946391565699,0.34006565450856996,0.25214091740989325,0.19406927315945463,0.19852616960403274
532,0.8621082874751664,0.8989558296585268,0.980591779187437,1.1836537696057607,1.4678011986384913,1.5101947375720297,1.3566985466498278,1.1827594110415833,1.0008313969612053,0.8447477405664878,0.6913128417053745,0.5391205910441386,0.3854077417763944,0.28575970639787684,0.21994517624739274,0.22499632555120894
533,0.9973409600202753,1.039968508820753,1.1344100974913869,1.3693249491517625,1.6980445239150868,1.747088029740293,1.56951400494771,1.3682902990480474,1.1578245572688632,0.977257190067121,0.7997540717767931,0.6236885268941867,0.44586385813347207,0.3305847583818767,0.25444638036463274,0.2602898668141214
534,0.8790123715433376,0.9165824145538863,0.9998190689754795,1.206862667049011,1.4965816142980006,1.5398063990931925,1.3833004789369494,1.2059507720423426,1.0204555419997112,0.8613114217540507,0.7048679954642856,0.5496915830253783,0.3929647563210373,0.29136283789590117,0.22425782676204367,0.22940801820904458
535,0.8283001193388243,0.8637026598680677,0.942137199611482,1.1372359747192604,1.4102403673193424,1.4509714145300936,1.303494682075195,1.1363766890399347,0.9615831068843234,0.811620378191362,0.6642025341874874,0.517978607081594,0.37029371268710876,0.27455344340189314,0.21131987521809087,0.2161729402354727
536,0.7944919512024821,0.8284494900776086,0.903682620035527,1.09081817983276,1.3526795360001935,1.3917480914880278,1.250290817500692,1.089993967038286,0.9223348168074413,0.7784930158162362,0.6370922266696653,0.4968366231191145,0.3551796835978231,0.26334718040590943,0.2026945741887565,0.20734955491973647
537,0.7268756149299277,0.7579431504965604,0.826773460883617,0.9979825900597591,1.2375578733618957,1.2733014454040261,1.1438830883516857,0.9972285230349891,0.8438382366536773,0.7122382910659196,0.582871611633956,0.4545526551940903,0.3249516254192843,0.24093465441394205,0.18544397213012026,0.189702784288264
538,0.6592592786573732,0.6874368109155122,0.749864301731707,0.9051470002867583,1.122436210723598,1.1548547993198943,1.0374753592026795,0.904463079031692,0.7653416564997835,0.6459835663156029,0.5286509965982467,0.41226868726906624,0.29472356724074544,0.21852212842194213,0.16819337007151652,0.17205601365679155
539,0.60854702645286,0.6345570562296936,0.6921824323677096,0.8355203079570076,1.0360949637449397,1.0660198147567956,0.957669562340925,0.8348889960292841,0.7064692213843955,0.5962925227529142,0.4879855353214485,0.38055571132528193,0.272052523606817,0.2017127339279341,0.1552554185275637,0.1588209356832197
540,0.45641026983958,0.4759177921722377,0.5191368242757173,0.6266402309677558,0.7770712228088347,0.7995148610674992,0.7182521717557913,0.6261667470219306,0.5298519160382317,0.44721939206471817,0.3659891514911188,0.2854167834939939,0.2040393927050965,0.15128455044594244,0.11644156389567277,0.11911570176243913
541,0.6423551945890722,0.6698102260201527,0.7306370119436646,0.881938102843508,1.0936557950642185,1.1252431377987315,1.010873426915428,0.8812717180309326,0.7457175114612775,0.6294198851281051,0.5150958428393356,0.40169769528782645,0.28716655269607017,0.2129189969239178,0.1638807195568656,0.16764432099895593
542,0.6423551945890722,0.6698102260201527,0.7306370119436646,0.881938102843508,1.0936557950642185,1.1252431377987315,1.010873426915428,0.8812717180309326,0.7457175114612775,0.6294198851281051,0.5150958428393356,0.40169769528782645,0.28716655269607017,0.2129189969239178,0.1638807195568656,0.16764432099895593
543,0.777587867134181,0.8108229051822491,0.8844553302476145,1.0676092823895098,1.323899120340814,1.362136429966865,1.2236888852133103,1.0668026060375269,0.9027106717689354,0.7619293346287382,0.6235370729107542,0.4862656311378747,0.3476226690531478,0.2577440489078851,0.19838192367410556,0.20293786226186836
544,0.7944919512023522,0.8284494900774787,0.903682620035527,1.09081817983276,1.3526795360003234,1.391748091487898,1.2502908175005618,1.089993967038416,0.9223348168074413,0.7784930158163011,0.6370922266696653,0.4968366231191145,0.3551796835977906,0.26334718040587696,0.2026945741887565,0.20734955491973647
545,0.9128205396792899,0.9518355843443455,1.0382736485514346,1.2532804619355116,1.5541424456174096,1.5990297221349985,1.4365043435113225,1.252333494044121,1.0597038320765932,0.8944387841293714,0.7319783029821727,0.5708335669879229,0.40807878541022546,0.3025691008918524,0.23288312779134554,0.23823140352481328
546,1.1663818007014666,1.2162343577733086,1.3266829953712918,1.6014139235842646,1.985848680510961,2.0432046449503622,1.8355333278199655,1.6002039090564202,1.354066007653533,1.1428940019430098,0.9353056093660987,0.7293984467067796,0.5214340035797704,0.3866160733618277,0.2975728855111421,0.3044067933928026
547,1.233998136974021,1.286740697354357,1.4035921545233319,1.6942495133572655,2.100970343149259,2.1616512910344943,1.9419410569688418,1.6929693530597174,1.4325625878074268,1.2091487266933265,0.989526224401808,0.7716824146318036,0.5516620617583092,0.40902859935382757,0.3148234875697459,0.3220535640242425
548,1.284710389178534,1.3396204520401755,1.4612740238871993,1.763876205687016,2.187311590127917,2.2504862755975927,2.0217468538305963,1.7625434360621253,1.4914350229228148,1.2588397702560152,1.0301916856786062,0.803395390575588,0.5743331053922377,0.4258379938478356,0.3277614391137312,0.33528864199784686
549,1.3692308095192598,1.427753376516583,1.5574104728271518,1.8799206929032672,2.3312136684257245,2.3985445832027574,2.154756515266724,1.8785002410661815,1.5895557481152147,1.3416581761938946,1.0979674544732265,0.8562503504818518,0.6121181781154194,0.45385365133782735,0.3493246916869858,0.35734710528715496
550,1.3523267254512186,1.4101267916213536,1.5381831830391093,1.856711795460017,2.302433252766085,2.3689329216817248,2.1281545829796022,1.8553088800652924,1.5699316030767088,1.3250944950062669,1.0844123007143156,0.845679358500612,0.604561163570809,0.4482505198398355,0.3450120411723349,0.35293541262928685
551,1.4537512298601152,1.5158863009929908,1.6535469217671042,1.9959651801195182,2.4751157467235316,2.5466028908077925,2.2877661767031117,1.994457046070108,1.6876764733073546,1.4244765821317091,1.165743223267912,0.9091053103881807,0.6499032508386335,0.4818693088278191,0.370887944260273,0.37940556857646307
552,1.5044634820646283,1.5687660556788094,1.7112287911311017,2.065591872449269,2.56145699370219,2.635437875370891,2.3675719735648664,2.0640311290725157,1.7465489084227426,1.4741676256943979,1.2064086845447102,0.9408182863319651,0.672574294472562,0.4986787033218271,0.3838258958042258,0.39264064655003494
553,1.4030389776557317,1.463006546307302,1.5958650524032367,1.9263384877897676,2.3887744997447435,2.457767906244823,2.207960379841357,1.9248829630675703,1.6288040381919668,1.3747855385689556,1.1250777619911136,0.8773923344443963,0.6272322072047375,0.4650599143338435,0.3579499927163202,0.36617049060282625
554,1.4199430617239028,1.4806331312026617,1.6150923421911492,1.9495473852330178,2.417554915404253,2.4873795677658563,2.2345623121286087,1.9480743240683296,1.6484281832304728,1.3913492197565185,1.1386329157500248,0.8879633264256361,0.6347892217493804,0.4706630458318354,0.3622626432309711,0.37058218326069436
555,1.4875593979964574,1.5511394707837098,1.692001501343189,2.0423829750060185,2.5326765780425506,2.605826213849988,2.3409700412776147,2.040839768071627,1.7269247633842366,1.457603944506835,1.1928535307857342,0.9302472943506602,0.6650172799279191,0.4930755718238028,0.3795132452895749,0.38822895389216683
556,1.7749288271548462,1.8507914140032622,2.0188654277390015,2.4369342315412723,3.021943644255381,3.1092244597074177,2.7932028901608907,2.4350929050855745,2.0605352290379284,1.7391865246956644,1.4232911446875474,1.1099541580320615,0.7934865271867173,0.5883288072897618,0.45282830403870583,0.4632277290758923
557,1.8425451634274006,1.9212977535843103,2.0957745868909115,2.529769821314273,3.1370653068936787,3.2276711057915497,2.8996106193097666,2.5278583490888713,2.1390318091918226,1.8054412494459808,1.4775117597232565,1.1522381259570855,0.8237145853652562,0.6107413332817616,0.47007890609734204,0.4808744997073648
558,1.8763533315636127,1.9565509233748994,2.1342291664668664,2.5761876162007735,3.194626138212828,3.2868944288336155,2.95281448388414,2.57424107109052,2.1782800992688345,1.8385686118211717,1.5046220672410786,1.173380109919565,0.8388286144545093,0.6219475962777453,0.4787042071266439,0.489697885023101
559,1.7580247430865452,1.8331648291080325,1.999638137950959,2.413725334098022,2.9931632285958716,3.0796127981865147,2.7666009578733792,2.4119015440848153,2.0409110839996822,1.7226228435081663,1.4097359909285712,1.0993831660507567,0.785929512642042,0.5827256757917699,0.44851565352405487,0.4588160364180567
560,1.6904084068139906,1.7626584895269843,1.922728978798919,2.3208897443250214,2.8780415659575738,2.961166152102383,2.6601932287243732,2.319136100081518,1.9624145038459184,1.6563681187578498,1.355515375892862,1.0570991981257325,0.7557014544635032,0.56031314979977,0.43126505146541866,0.4411692657865842
561,1.741120659018374,1.815538244212673,1.9804108481629166,2.3905164366547718,2.964382812936362,3.050001136665482,2.7399990255861275,2.3887101830840556,2.0212869389613064,1.7060591623206034,1.3961808371696602,1.088812174069517,0.7783724980973992,0.5771225442937781,0.4442030030094039,0.45440434376018857
562,1.7580247430865452,1.8331648291080325,1.999638137950829,2.413725334098022,2.9931632285960013,3.0796127981865147,2.7666009578733792,2.411901544084945,2.0409110839998124,1.7226228435082314,1.4097359909285712,1.0993831660507567,0.7859295126420095,0.5827256757917699,0.44851565352405487,0.4588160364180567
563,1.8087369952910584,1.8860445837937212,2.0573200073148263,2.483352026427773,3.0795044755746597,3.1684477827496136,2.846406754735004,2.481475627087353,2.0997835191152,1.772313887070985,1.4504014522053694,1.1310961419945411,0.8086005562759055,0.5995350702857779,0.4614536050680402,0.47205111439166103
564,2.0115860041087217,2.097563602536996,2.2880474847708165,2.7618587957467753,3.424869463489553,3.5237877210018786,3.165629942182022,2.759771959097244,2.335273259576752,1.9710780613219347,1.6130632973124972,1.2579480457696133,0.899284730811522,0.6667726482617452,0.5132054112438839,0.5249914262860784
565,2.062298256313105,2.1504433572226844,2.345729354134814,2.831485488076526,3.511210710468341,3.6126227055649776,3.245435739043777,2.829346042099782,2.39414569469214,2.0207691048846885,1.6537287585892955,1.2896610217133977,0.921955774445418,0.6835820427557532,0.5261433627878692,0.5382265042596828
566,2.214435012926385,2.3090826212801403,2.518774962226676,3.0403655650657777,3.770234451404446,3.879127659254144,3.4848531296289105,3.0380682911071353,2.570763000038304,2.1698422355728844,1.7757251424196252,1.3847999495446857,0.9899689053471386,0.7340102262377124,0.5649572174197601,0.5779317381804633
567,2.6370371146298828,2.749747243661789,2.9994572069264387,3.6205880011470333,4.489744842893872,4.619419197279707,4.149901436810069,3.6178523161276774,3.0613666259997836,2.583934265262347,2.114603986392857,1.649074749076135,1.1788942689630144,0.8740885136876712,0.672773480286131,0.6882240546271338
568,3.194871888878619,3.331424545205664,3.633957769930151,4.38648161677429,5.439498559659763,5.596604027473534,5.027765202289239,4.383167229154684,3.708963412268921,3.1305357444524424,2.5619240604375073,1.9979174844576326,1.4282757489359679,1.0589918531215972,0.8150909472697094,0.8338099123367166
569,3.177967804810448,3.3137979603103043,3.614730480142238,4.36327271933104,5.410718144000124,5.566992365952501,5.001163270001988,4.359975868153795,3.689339267230415,3.1139720632648147,2.548368906678596,1.9873464924763928,1.4207187343913574,1.0533887216236053,0.8107782967550585,0.8293982196788485
570,3.194871888878489,3.331424545205664,3.6339577699302805,4.38648161677429,5.439498559659763,5.596604027473534,5.027765202289239,4.383167229154684,3.708963412268921,3.1305357444523776,2.5619240604375073,1.9979174844576326,1.4282757489360003,1.0589918531215972,0.8150909472697094,0.8338099123367166
571,3.2117759729466604,3.3490511301008934,3.653185059718193,4.40969051421754,5.468278975319403,5.626215688994567,5.0543671345764905,4.406358590155443,3.728587557307297,3.1470994256400053,2.575479214196418,2.0084884764388726,1.4358327634806105,1.064594984619589,0.8194035977843603,0.8382216049945522
572,3.2793923092193444,3.4195574696820716,3.730094218870103,4.502526103990541,5.583400637957701,5.744662335078699,5.160774863725497,4.49912403415874,3.807084137461061,3.2133541503903222,2.6296998292321274,2.0507724443638966,1.4660608216591495,1.0870075106115564,0.8366541998429641,0.8558683756260247
573,3.499145402105179,3.6487030733204455,3.9800489861140056,4.804241770752794,5.957546041532233,6.129613934851997,5.5065999834597665,4.80061172716939,4.062198022960989,3.428682005828835,2.805916828098231,2.1881953401202736,1.5643020107394088,1.1598482200855156,0.8927186565334913,0.9132203801783102
574,3.4822413180371377,3.631076488425216,3.960821696326093,4.7810328733095435,5.928765625872594,6.100002273330964,5.479998051172515,4.777420366168501,4.042573877922483,3.412118324641207,2.7923616743393205,2.177624348139034,1.556744996194766,1.154245088587491,0.8884060060188403,0.9088086875204421
575,3.296296393287516,3.437184054577301,3.7493215086581455,4.525735001433792,5.61218105361734,5.774273996599602,5.187376796012749,4.5223153951595,3.8267082824994367,3.22991783157782,2.6432549829911034,2.0613434363452012,1.4736178362037922,1.0926106421095159,0.8409668503576475,0.8602800682839253
576,3.7188984949910133,3.8778486769590796,4.230003753357908,5.1059574375150465,6.331691445106766,6.514565534625165,5.852425103193907,5.102099420179911,4.317311908460916,3.6440098612673473,2.9821338269643354,2.325618235876586,1.6625431998196356,1.2326889295594745,0.9487831132240184,0.9705723847305957
577,3.989363840081361,4.159874035283273,4.537640389965678,5.47729979660705,6.792178095659957,6.988352118961432,6.278056019789931,5.47316119619297,4.631298229076232,3.9090287602685487,3.1990162871071726,2.494754107576682,1.7834554325337908,1.3223390335274416,1.017785521458466,1.041159467256453
578,4.293637353307791,4.477152563398055,4.883731606149532,5.895059950585554,7.3102255775322975,7.521362026339895,6.756890800960329,5.890605694207677,4.98453283976856,4.207175021644941,3.4430090547678964,2.685031963239323,1.919481694337232,1.4231954004913925,1.0954132307222477,1.1205699350980467
579,4.4288700258529,4.618165242560151,5.037549924453482,6.080731130131555,7.540468902808892,7.758255318508028,6.9697062592583405,6.076136582214141,5.141526000076218,4.339684471145574,3.5514502848393152,2.7695998990893713,1.9799378106943095,1.4680204524753921,1.1299144348394878,1.1558634763609592
580,4.547198614329967,4.741551336827017,5.17214095296939,6.243193412234307,7.7419318124258485,7.965536949155259,7.1559197852689715,6.238476109219846,5.27889501534537,4.455630239458644,3.6463363611518225,2.84359684295818,2.0328369125067445,1.5072423729614002,1.1601029884420768,1.1867453249660034
581,4.4288700258529,4.618165242560151,5.037549924453352,6.080731130131555,7.540468902808892,7.758255318508158,6.9697062592583405,6.076136582214141,5.141526000076088,4.339684471145639,3.5514502848393152,2.7695998990893713,1.9799378106943095,1.4680204524754248,1.1299144348394878,1.1558634763609266
582,4.986704800101636,5.199842544104025,5.6720504874570645,6.846624745758943,8.490222619574784,8.735440148701985,7.847570024737512,6.841451495241017,5.789122786345225,4.886285950335799,3.9987703588839656,3.118442634470869,2.229319290667263,1.6529237919093507,1.2722319018230988,1.3014493340705096
583,5.172649724851128,5.393734977951941,5.883550675124882,7.101922617634695,8.806807191830037,9.061168425433218,8.140191279897149,7.09655646625002,6.004988381768271,5.068486443399187,4.147877050232182,3.2347235462647013,2.312446450658269,1.7145582383873261,1.3196710574842914,1.3499779533070264
584,5.223361977055512,5.44661473263776,5.941232544488879,7.171549309964446,8.893148438808696,9.150003409996316,8.219997076758773,7.166130549252427,6.063860816883659,5.11817748696194,4.18854251150898,3.266436522208486,2.3351174942921653,1.7313676328813017,1.3326090090282767,1.3632130312806308
585,5.324786481464408,5.552374242009397,6.056596283216744,7.310802694623947,9.065830932766143,9.327673379122384,8.379608670482282,7.305278715257373,6.181605687114435,5.217559574087447,4.269873434062577,3.3298624740960543,2.380459581559957,1.7649864218692852,1.3584849121162148,1.3896831872278395
586,5.510731406213901,5.746266675857312,6.268096470884692,7.566100566499699,9.382415505021397,9.653401655853616,8.672229925641918,7.560383686266375,6.397471282537481,5.399760067150835,4.418980125410793,3.446143385889887,2.463586741550963,1.8266208683472607,1.4059240677774076,1.4382118064643887
587,5.595251826554496,5.834399600333719,6.364232919824644,7.68214505371595,9.526317583319335,9.801459963458651,8.805239587078177,7.676340491270561,6.495592007729881,5.482578473088714,4.486755894205414,3.4989983457961507,2.501371814274145,1.8546365258372524,1.4274873203506624,1.4602702697537293
588,5.79810083537216,6.045918619076864,6.5949603972806345,7.960651823034953,9.871682571234228,10.156799901710915,9.124462774525066,7.954636823280323,6.731081748191433,5.681342647339728,4.6494177393125415,3.625850249571223,2.5920559888097614,1.9218741038132197,1.4792391265265386,1.5132105816481467
589,5.409306901804874,5.6405071664856745,6.152732732156827,7.426847181840068,9.20973301106408,9.475731686727418,8.512618331918409,7.421235520261559,6.279726412306835,5.300377980025327,4.337649202857198,3.3827174340023185,2.418244654283139,1.7930020793592445,1.3800481646894696,1.4117416505172125
590,5.375498733668662,5.605253996695085,6.114278152580872,7.380429386953567,9.152172179744932,9.416508363685352,8.459414467343906,7.37485279825991,6.240478122229953,5.267250617650071,4.3105388953393105,3.361575450039839,2.403130625193853,1.7817958163632284,1.3714228636601677,1.4029182652014762
591,5.375498733668662,5.605253996695085,6.114278152580872,7.380429386953567,9.152172179744932,9.416508363685352,8.459414467343906,7.37485279825991,6.240478122229953,5.267250617650071,4.3105388953393105,3.361575450039839,2.403130625193853,1.7817958163632284,1.3714228636601677,1.4029182652014762
592,5.426210985873046,5.658133751380904,6.171960021944869,7.450056079283319,9.238513426723589,9.50534334824845,8.53922026420553,7.444426881262318,6.299350557345211,5.316941661212825,4.351204356616108,3.3932884259835583,2.4258016688277815,1.7986052108572363,1.3843608152041205,1.4161533431750806
593,5.240266061123553,5.464241317532989,5.960459834276922,7.194758207407566,8.921928854468336,9.179615071517219,8.246599009045894,7.189321910253317,6.083484961922165,5.134741168149438,4.202097665267892,3.2770075141897257,2.3426745088367755,1.7369707643792611,1.3369216595429276,1.3676247239385313
594,5.105033388578444,5.323228638370892,5.806641515972972,7.009087027861564,8.69168552919174,8.942721779349085,8.033783550748012,7.003791022246722,5.926491801614377,5.0022317186488054,4.093656435196473,3.1924395783396773,2.282218392479698,1.6921457123952612,1.3024204554256877,1.3323311826755864
595,5.03741705230589,5.252722298789844,5.729732356820932,6.916251438088564,8.576563866553442,8.824275133264953,7.927375821599006,6.911025578243555,5.8479952214606135,4.935976993898423,4.039435820160763,3.1501556104146533,2.251990334301159,1.6697331864032938,1.2851698533670515,1.314684412044114
596,4.935992547896993,5.146962789418207,5.614368618093067,6.776998053429062,8.403881372595995,8.646605164138757,7.767764227875497,6.771877412238609,5.730250351229837,4.836594906773046,3.9581048976071673,3.0867296585270845,2.206648247033367,1.6361143974153103,1.2592939502791458,1.2882142560969376
597,5.003608884169547,5.217469128999385,5.691277777244977,6.869833643202063,8.519003035234293,8.765051810222888,7.874171957024503,6.864642856241907,5.808746931383731,4.902849631523428,4.012325512642876,3.129013626452109,2.2368763052119056,1.6585269234073101,1.2765445523377497,1.30586102672841
598,4.952896631965165,5.164589374313566,5.63359590788098,6.800206950872313,8.432661788255635,8.67621682565979,7.794366160162879,6.795068773239499,5.749874496268343,4.853158587960674,3.9716600513660785,3.0973006505083243,2.2142052615780097,1.6417175289133346,1.2636066007937643,1.2926259487548057
599,4.8007598753518845,5.00595011025611,5.4605502997891175,6.591326873883061,8.17363804731953,8.409711871970623,7.554948769577744,6.5863465242321455,5.57325719092231,4.704085457272413,3.8496636675356837,3.0021617226770365,2.1461921306762894,1.591289345431343,1.2247927461618733,1.2529207148339927
600,4.597910866534091,4.794431091512836,5.229822822333257,6.312820104564058,7.828273059404637,8.054371933718357,7.235725582130726,6.3080501922223835,5.337767450460888,4.505321283021398,3.687001822428556,2.875309818901964,2.055507956140673,1.5240517674553757,1.1730409399860295,1.1999804029396077
601,4.462678193988983,4.65341841235061,5.076004504029437,6.127148925018056,7.598029734128041,7.817478641550094,7.022910123832714,6.12251930421579,5.18077429015323,4.372811833520765,3.5785605923571375,2.7907418830519157,1.9950518397835952,1.4792267154714085,1.1385397358687896,1.1646868616766954
602,4.631719034670433,4.829684261303295,5.268277401909343,6.359237899450558,7.885833890723786,8.113595256760423,7.28892944670523,6.354432914223902,5.37701574053777,4.538448645396524,3.714112129946443,2.8964518028645085,2.070621985229926,1.5352580304513594,1.1816662410153316,1.208803788255344
603,4.682431286874946,4.8825640159891135,5.32595927127321,6.428864591780309,7.972175137702444,8.202430241323523,7.3687352435669835,6.42400699722644,5.435888175653157,4.5881396889591475,3.7547775912232413,2.9281647788082927,2.093293028863822,1.5520674249453674,1.1946041925592843,1.2220388662289483
604,5.0205129682377185,5.235095713894355,5.7105050670330195,6.893042540645443,8.547783450893933,8.79466347174392,7.900773889311885,6.887834217242796,5.828371076422237,4.919413312710666,4.025880666401853,3.1395846184334135,2.2444333197565163,1.6641300549053344,1.2808572028523681,1.3102727193862782
605,4.952896631965034,5.164589374313307,5.6335959078811095,6.800206950872442,8.432661788255635,8.67621682565992,7.794366160162879,6.795068773239499,5.749874496268474,4.853158587960414,3.9716600513661433,3.0973006505083895,2.2142052615779773,1.6417175289133346,1.2636066007937643,1.2926259487548057
606,4.8007598753518845,5.005950110255981,5.460550299789247,6.59132687388319,8.1736380473194,8.409711871970623,7.5549487695776145,6.5863465242321455,5.57325719092231,4.704085457272153,3.849663667535814,3.0021617226771014,2.146192130676257,1.591289345431343,1.2247927461618733,1.2529207148340251
607,4.868376211624569,5.076456449837159,5.537459458941157,6.684162463656191,8.288759709957699,8.528158518054754,7.6613564987266205,6.679111968235442,5.6517537710760735,4.770340182022535,3.9038842825715228,3.0444456906021253,2.1764201888547956,1.6137018714233105,1.2420433482204771,1.2705674854654976
608,5.088129304510403,5.3056020534756625,5.7874142261849295,6.985878130418444,8.662905113532101,8.913110117828182,8.007181618460761,6.980599661246093,5.906867656576131,4.985668037461047,4.080101281437562,3.1818685863584375,2.274661377935055,1.6865425808972694,1.2981078049110042,1.3279194900177507
609,4.800759875352014,5.00595011025611,5.4605502997891175,6.59132687388319,8.17363804731927,8.409711871970753,7.5549487695776145,6.5863465242321455,5.57325719092231,4.704085457272283,3.8496636675357485,3.0021617226770365,2.1461921306762894,1.5912893454313104,1.2247927461618733,1.2529207148340251
610,4.935992547897123,5.146962789418207,5.614368618093067,6.776998053429192,8.403881372595865,8.646605164138887,7.767764227875497,6.771877412238609,5.730250351229968,4.836594906772916,3.9581048976071673,3.0867296585270845,2.206648247033367,1.6361143974152779,1.2592939502791134,1.2882142560969376
611,4.530294530261797,4.723924751931788,5.152913663181347,6.219984514791057,7.713151396766079,7.935925287634356,7.129317852981591,6.215284748218957,5.2592708703069935,4.4390665582710165,3.6327812073928465,2.83302585097694,2.025279897962134,1.5016392414633108,1.155790337927426,1.1823336323081353
612,4.513390446193755,4.706298167036558,5.133686373393305,6.196775617347806,7.68437098110644,7.906313626113323,7.102715920694338,6.192093387218198,5.2396467252684875,4.422502877083389,3.6192260536339353,2.8224548589957004,2.017722883417491,1.496036109965319,1.151477687412775,1.1779219396502998
613,4.3443496055123045,4.530032318083873,4.9414134755134,5.9646866429153045,7.396566824510695,7.610197010903123,6.836696597821954,5.960179777210085,5.0434052748839475,4.25686606520763,3.48367451604463,2.7167449391831076,1.9421527379711603,1.440004794985368,1.108351182266233,1.133805013071651
614,4.479582278057413,4.6710449972459696,5.09523179381735,6.150357822461307,7.626810149787291,7.847090303071257,7.049512056119966,6.145710665216549,5.200398435191606,4.389375514708263,3.5921157461160482,2.8013128750331555,2.002608854328238,1.4848298469693677,1.142852386383473,1.1690985543345636
615,4.445774109921201,4.63579182745538,5.056777214241395,6.103940027574806,7.569249318468143,7.787866980029191,6.996308191545462,6.099327943214901,5.161150145114594,4.356248152333137,3.5650054385982264,2.780170891070676,1.9874948252389524,1.473623583973384,1.1342270853541712,1.1602751690188273
616,4.513390446193755,4.706298167036429,5.133686373393305,6.196775617347806,7.68437098110644,7.906313626113323,7.102715920694338,6.192093387218198,5.2396467252684875,4.422502877083389,3.6192260536339353,2.8224548589957004,2.017722883417491,1.496036109965384,1.1514776874128074,1.1779219396502998
617,4.462678193989372,4.65341841235061,5.076004504029307,6.127148925018056,7.598029734127782,7.817478641550224,7.022910123832714,6.12251930421579,5.1807742901531,4.372811833520635,3.5785605923571375,2.7907418830519157,1.9950518397835952,1.4792267154714085,1.138539735868822,1.1646868616766954
618,4.3443496055123045,4.530032318083743,4.9414134755134,5.9646866429153045,7.396566824510826,7.610197010903123,6.836696597822083,5.960179777210085,5.0434052748839475,4.25686606520763,3.48367451604463,2.7167449391831076,1.9421527379711603,1.4400047949854329,1.108351182266233,1.1338050130716186
619,4.040076092285744,4.2127537899689615,4.595322259329675,5.5469264889368,6.878519342638485,7.07718710352466,6.357861816651686,5.5427352791953775,4.69017066419175,3.9587198038312374,3.2396817483839055,2.5264670835204663,1.8061264761677518,1.3391484280214823,1.0307234730024513,1.054394545230025
620,4.226021017035237,4.406646223816876,4.806822446997493,5.802224360812553,7.19510391489387,7.402915380255893,6.650483071811323,5.79784025020438,4.906036259614796,4.140920296894625,3.388788439732122,2.642747995314299,1.8892536361587255,1.4007828744994575,1.078162628663644,1.1029231644665418
621,4.023172008217443,4.195127205073602,4.576094969541633,5.523717591493551,6.849738926978977,7.047575442003628,6.331259884364305,5.519543918194619,4.670546519153374,3.9421561226436097,3.2261265946249944,2.5158960915392266,1.798569461623109,1.3335452965234904,1.0264108224878004,1.0499828525721568
622,3.786514831263438,3.948355016539868,4.306912912509818,5.198793027288048,6.446813107744934,6.633012180709296,5.958832832342913,5.1948648641832085,4.39580848861494,3.7102645860174692,3.0363544419999795,2.3679022038016098,1.6927712579982395,1.255101455551507,0.9660337152826222,0.9882191553620358
623,4.192212848898764,4.371393054026287,4.768367867421667,5.755806565926052,7.1375430835747204,7.343692057213827,6.597279207236819,5.751457528202861,4.866787969537914,4.107792934519368,3.3616781322143003,2.6216060113517545,1.8741396070694722,1.3895766115034414,1.0695373276343096,1.094099779150838
624,3.617473990581857,3.7720891675871826,4.114640014630043,4.966704052855546,6.15900895114919,6.3368955654990975,5.6928135094703975,4.9629512541750955,4.1995670382304,3.54462777414171,2.900802904410739,2.262192283989017,1.6172011125518762,1.1990701405715234,0.9229072101360803,0.944102228783387
625,3.414624981764194,3.560570148844038,3.883912537174183,4.688197283536543,5.813643963234297,5.981555627246832,5.37359032202338,4.684654922165334,3.9640772977688488,3.3458635998908255,2.738141059303611,2.1353403802139446,1.5265169380162595,1.1318325625955563,0.8711554039602366,0.8911619168890021
626,3.296296393287256,3.437184054577171,3.7493215086581455,4.525735001433792,5.61218105361734,5.774273996599732,5.187376796012619,4.522315395159629,3.826708282499567,3.22991783157782,2.6432549829911034,2.0613434363451364,1.4736178362037922,1.0926106421095483,0.8409668503576475,0.8602800682839253
627,3.177967804810318,3.3137979603103043,3.614730480142238,4.36327271933104,5.4107181440002545,5.566992365952631,5.001163270001988,4.359975868153795,3.689339267230285,3.1139720632648147,2.548368906678596,1.987346492476328,1.4207187343913574,1.0533887216235402,0.8107782967550585,0.8293982196788485
628,3.0934473844697226,3.2256650358340266,3.518594031202286,4.2472282321147885,5.266816065702317,5.4189340583474666,4.86815360856586,4.244019063149608,3.5912185420378853,3.0311536573269353,2.4805931378839756,1.934491532570064,1.3829336616682082,1.0253730641335486,0.7892150441817714,0.807339756389508
629,2.9244065437882716,3.0493991868813413,3.3263211333223808,4.015139257682287,4.979011909106573,5.122817443137137,4.602134285693475,4.012105453141495,3.3949770916533453,2.865516845451176,2.34504160029467,1.8287816127574712,1.3073635162218449,0.9693417491535651,0.7460885390352294,0.7632228298108592
630,2.1468186766538304,2.238576281699092,2.441865803074766,2.947529975292777,3.6551127887661488,3.760681013170012,3.3784454004801643,2.9453028471038385,2.49226641988428,2.103587510822503,1.7215045273839158,1.3425159816196615,0.9597408471686322,0.71159770024568,0.5477066153611239,0.5602849675489908
631,2.1637227607220018,2.256202866594452,2.4610930928628085,2.9707388727360273,3.683893204425658,3.7902926746910452,3.405047332767416,2.9684942081045977,2.511890564922656,2.120151192010131,1.735059681142827,1.3530869736009012,0.967297861713275,0.7172008317436719,0.5520192658757749,0.5646966602068589
632,1.910161499699955,1.9918040931653584,2.1726837460429516,2.622605411087274,3.2521869695319765,3.3461177518756813,3.006018348458773,2.6206237930922986,2.2175283893457163,1.8716959741963624,1.531732374758901,1.1945220938820447,0.8539426435437625,0.6331538592736966,0.4873295081559458,0.4985212703388697
633,1.9608737519043384,2.044683847851047,2.230365615406949,2.6922321034170245,3.338528216510635,3.43495273643865,3.0858241453205273,2.6901978760947065,2.276400824461104,1.9213870177591161,1.5723978360356992,1.226235069825829,0.876613687177691,0.6499632537677046,0.5002674596998986,0.5117563483124741
634,1.8932574156317838,1.974177508269999,2.153456456255039,2.599396513644024,3.223406553872337,3.3165060903545185,2.9794164161715213,2.5974324320915394,2.1979042443073404,1.8551322930087346,1.5181772209999898,1.1839511019008049,0.8463856289991522,0.6275507277757372,0.48301685764129487,0.4941095776810341
635,1.7918329112228872,1.8684179988983618,2.038092717527044,2.4601431289845226,3.0507240599148906,3.138836121228451,2.8198048224480123,2.4582842660867237,2.080159374076694,1.7557502058832273,1.4368462984463934,1.1205251500132363,0.8010435417313276,0.5939319387877536,0.45714095455335674,0.46763942173385786
636,1.7749288271547161,1.850791414003132,2.0188654277390015,2.4369342315412723,3.021943644255381,3.1092244597074177,2.7932028901607606,2.4350929050858343,2.060535229038188,1.7391865246955993,1.4232911446874823,1.1099541580319965,0.7934865271866849,0.5883288072897618,0.45282830403870583,0.46322772907598975
637,2.0284900881768926,2.1151901874320953,2.307274774558859,2.7850676931900256,3.4536498791490624,3.5533993825227816,3.1922318744695337,2.7829633200981334,2.354897404614998,1.9876417425093678,1.6266184510714083,1.268519037750853,0.9068417453561973,0.6723757797597371,0.5175180617585349,0.5294031189439791
638,2.129914592585789,2.220949696803603,2.422638513286724,2.9243210778495268,3.6263323731065094,3.7310693516488493,3.3518434681930427,2.9221114861030792,2.472642274845774,2.0870238296348753,1.7079493736250047,1.3319449896384217,0.9521838326240218,0.7059945687477206,0.5433939648464404,0.5558732748911878
639,2.3158595173352814,2.4148421306516474,2.634138700954541,3.179618949725279,3.942916945361893,4.056797628380082,3.6444647233528094,3.177216457112081,2.6885078702688197,2.269224322698262,1.8570560649732215,1.4482259014322543,1.0353109926149955,0.7676290152256959,0.5908331205076333,0.6044018941277045
640,2.366571769539665,2.467721885337466,2.6918205703185385,3.2492456420550297,4.029258192340682,4.145632612943181,3.724270520214564,3.246790540114489,2.747380305384208,2.318915366261016,1.8977215262500198,1.4799388773760387,1.0579820362488914,0.7844384097196715,0.6037710720516186,0.6176369721013089
641,2.062298256313105,2.1504433572225543,2.3457293541346838,2.831485488076526,3.511210710468341,3.6126227055647178,3.2454357390441664,2.829346042099782,2.39414569469188,2.0207691048846237,1.6537287585892955,1.2896610217133977,0.9219557744454505,0.6835820427556882,0.5261433627878367,0.5382265042597153
642,2.079202340381276,2.1680699421177843,2.3649566439227265,2.854694385519776,3.5399911261279806,3.642234367085751,3.272037671331418,2.8525374031005413,2.4137698397302563,2.0373327860722514,1.6672839123482066,1.3002320136946375,0.9295127889900934,0.6891851742536801,0.5304560133025201,0.5426381969175834
643,2.0284900881768926,2.1151901874319656,2.3072747745587288,2.7850676931900256,3.4536498791491925,3.5533993825227816,3.1922318744696634,2.7829633200981334,2.354897404614998,1.9876417425094977,1.6266184510714083,1.268519037750853,0.9068417453561973,0.6723757797597045,0.5175180617585349,0.5294031189439791
644,1.7073124908821617,1.7802850744218242,1.9419562685869616,2.3440986417682717,2.906821981617213,2.990777813623286,2.6867951610120144,2.342327461082667,1.9820386488842945,1.6729317999454776,1.3690705296517731,1.0676701901069723,0.763258469008146,0.5659162812977294,0.43557770198010204,0.44558095844454976
645,1.572079818337053,1.6392723952597277,1.7881379502830117,2.15842746222227,2.6765786563406175,2.7538845214551526,2.473979702714002,2.1567965730760728,1.8250454885766365,1.5404223504448444,1.2606292995803545,0.9831022542569242,0.7028023526510684,0.5210912293137621,0.40107649786289457,0.41028741718160483
646,1.2001899688379385,1.2514875275637678,1.3651375749472467,1.6478317184707651,2.04340951182998,2.102427967992558,1.8887371923945986,1.6465866310580688,1.3933142977305448,1.1760213643180708,0.9624159168839209,0.7505404306692591,0.5365480326690886,0.3978223363578114,0.30619818654050895,0.3132301787085713
647,0.9635327918839331,1.004715339030034,1.0959555179154319,1.3229071542652622,1.6404836925959378,1.687864706698227,1.5163101403730772,1.3219075770466588,1.1185762671921111,0.9441298276919302,0.772643764258906,0.6025465429316422,0.4307498290441864,0.31937849538586044,0.24582107933533084,0.25146648149841766
648,1.0649572962928298,1.1104748484016713,1.2113192566432969,1.4621605389247634,1.8131661865533846,1.8655346758244247,1.6759217340964565,1.4610557430514746,1.236321137422887,1.0435119148174377,0.8539746868125023,0.6659724948192108,0.4760919163120109,0.35299728437387656,0.27169698242326895,0.2779366374455939
649,1.0311491281564875,1.0752216786112123,1.1728646770673419,1.415742744038263,1.7556053552342357,1.8063113527823589,1.6227178695219533,1.414673021049826,1.197072847346005,1.0103845524423118,0.8268643792946803,0.6448305108567313,0.46097788722272526,0.34179102137789286,0.2630716813939346,0.26911325212985765
650,1.0142450440883164,1.0575950937159828,1.1536373872794294,1.3925338465950128,1.7268249395747262,1.776699691261326,1.5961159372347018,1.3914816600489368,1.177448702307499,0.9938208712548138,0.8133092255357691,0.6342595188754915,0.45342087267808245,0.336187889879901,0.25875903087928365,0.26470155947198953
651,1.0142450440883164,1.0575950937159828,1.1536373872794294,1.3925338465950128,1.7268249395747262,1.776699691261326,1.5961159372347018,1.3914816600489368,1.177448702307499,0.9938208712548138,0.8133092255357691,0.6342595188754915,0.45342087267808245,0.336187889879901,0.25875903087928365,0.26470155947198953
652,0.9128205396794199,0.9518355843443455,1.0382736485515645,1.2532804619355116,1.5541424456172794,1.5990297221351284,1.4365043435113225,1.252333494044121,1.0597038320767231,0.8944387841293064,0.7319783029821727,0.5708335669879229,0.40807878541025794,0.3025691008918849,0.23288312779134554,0.23823140352481328
653,1.0649572962926999,1.1104748484018014,1.2113192566435569,1.4621605389247634,1.8131661865533846,1.8655346758244247,1.6759217340964565,1.4610557430514746,1.236321137422887,1.0435119148175676,0.8539746868125023,0.6659724948192108,0.47609191631197845,0.35299728437387656,0.2716969824232365,0.2779366374455939
654,1.3354226413830474,1.392500206726124,1.5189558932513267,1.8335028980167667,2.2736528371065754,2.3393212601608218,2.1015526506924807,1.8321175190645331,1.5503074580382028,1.3085308138188338,1.0708571469553394,0.8351083665193073,0.5970041490261337,0.44264738834184364,0.3406993906577164,0.3485237199714512
655,1.4706553139281564,1.5335128858882203,1.6727742115552766,2.0191740775627687,2.503896162383171,2.5762145523289552,2.314368108990493,2.0176484070711274,1.7073006183458606,1.441040263319467,1.179298377026758,0.9196763023693555,0.6574602653832115,0.48747244032581094,0.37520059477492396,0.38381726123439613
656,1.7749288271547161,1.8507914140030022,2.0188654277391316,2.4369342315412723,3.021943644255511,3.109224459707288,2.7932028901608907,2.4350929050858343,2.0605352290380585,1.739186524695859,1.4232911446874823,1.1099541580319965,0.7934865271866524,0.5883288072897618,0.45282830403870583,0.46322772907598975
657,2.1637227607220018,2.2562028665941916,2.4610930928629386,2.9707388727360273,3.683893204425658,3.7902926746907855,3.4050473327675457,2.9684942081047274,2.511890564922656,2.120151192010131,1.735059681142827,1.3530869736009012,0.967297861713275,0.7172008317437043,0.5520192658757749,0.564696660206924
658,2.518708526152945,2.626361149394922,2.864866178410661,3.458125719044282,4.288281933276786,4.412137566632347,3.963687910799698,3.4555127891218427,2.923997610730242,2.467988496949277,2.0197179100803493,1.5750778052073267,1.1259951671506119,0.8348665932016631,0.6425849266835095,0.6573422060220894
659,2.9920228800609556,3.1199055264625195,3.403230292474421,4.107974847455288,5.09413357174487,5.241264089221009,4.708542014842481,4.104870897144663,3.4734736718071093,2.9317715702014278,2.399262215330379,1.8710655806825602,1.3375915744003837,0.9917542751455974,0.7633391410938332,0.7808696004423317
660,3.7019944109228424,3.86022209206372,4.210776463569995,5.082748540071797,6.302911029446997,6.484953873104002,5.825823170906785,5.078908059179022,4.29768776342241,3.6274461800797195,2.9685786732054242,2.315047243895346,1.6549861852750578,1.2270857980614827,0.9444704627093026,0.9661606920727276
661,3.8710352516041633,4.036487941016405,4.4030493614499004,5.3148375145042985,6.5907151860427415,6.781070488314201,6.09184249377917,5.3108216691872645,4.49392921380708,3.7930829919554787,3.1041302107947297,2.420757163707939,1.7305563307214211,1.2831171130414663,0.9875969678558444,1.0102776186514089
662,4.006267924149272,4.177500620178632,4.55686767975385,5.500508694050301,6.820958511319337,7.017963780482465,6.304657952077183,5.496352557193729,4.650922374114738,3.9255924414561116,3.2125714408661485,2.5053250995579868,1.7910124470784987,1.3279421650254335,1.0220981719730844,1.0455711599143211
663,4.006267924149272,4.177500620178632,4.55686767975385,5.500508694050301,6.820958511319337,7.017963780482465,6.304657952077183,5.496352557193729,4.650922374114738,3.9255924414561116,3.2125714408661485,2.5053250995579868,1.7910124470784987,1.3279421650254335,1.0220981719730844,1.0455711599143211
664,4.006267924149272,4.177500620178632,4.55686767975385,5.500508694050301,6.820958511319337,7.017963780482465,6.304657952077183,5.496352557193729,4.650922374114738,3.9255924414561116,3.2125714408661485,2.5053250995579868,1.7910124470784987,1.3279421650254335,1.0220981719730844,1.0455711599143211
665,4.310541437375832,4.494779148293413,4.902958895937705,5.918268848028804,7.339005993191677,7.550973687860927,6.78349273324758,5.913797055208436,5.004156984807066,4.223738702832504,3.456564208526873,2.695602955220628,1.9270387088819072,1.4287985319893843,1.0997258812368662,1.1249816277559148
666,4.445774109920941,4.6357918274555105,5.056777214241525,6.103940027574806,7.569249318468272,7.787866980029191,6.996308191545593,6.09932794321503,5.161150145114724,4.356248152333137,3.565005438598291,2.780170891070676,1.9874948252389848,1.473623583973384,1.1342270853541063,1.1602751690188597
667,4.090788344489998,4.26563354465491,4.653004128693673,5.616553181266552,6.964860589617274,7.1660220880876295,6.43766761351344,5.612309362197915,4.749043099307138,4.008410847393991,3.2803472096607686,2.558180059464316,1.828797519801648,1.3559578225154578,1.0436614245463716,1.0676296232036617
668,4.107692428558169,4.283260129550139,4.672231418481715,5.6397620787098015,6.993641005276784,7.195633749608662,6.464269545800692,5.635500723198675,4.768667244345514,4.024974528581619,3.29390236341968,2.5687510514455556,1.8363545343462906,1.3615609540134497,1.0479740750610225,1.0720413158615298
669,4.226021017035107,4.406646223817006,4.806822446997622,5.802224360812553,7.19510391489387,7.402915380255763,6.650483071811323,5.797840250204509,4.906036259614796,4.140920296894625,3.3887884397321875,2.6427479953143638,1.8892536361587255,1.4007828744994575,1.0781626286636115,1.1029231644666067
670,4.361253689580216,4.547658902979232,4.960640765301442,5.987895540358555,7.425347240170465,7.639808672424026,6.8632985301093345,5.983371138211104,5.0630294199224535,4.273429746395258,3.497229669803606,2.727315931164412,1.9497097525158031,1.4456079264834247,1.1126638327808516,1.1382167057295192
671,4.411965941784599,4.600538657665051,5.01832263466531,6.057522232688306,7.511688487149253,7.728643656987125,6.943104326971089,6.052945221213512,5.121901855037712,4.323120789958011,3.537895131080404,2.7590289071081964,1.972380796149699,1.4624173209774003,1.1256017843248043,1.151451783703091
672,4.293637353307661,4.477152563398184,4.883731606149403,5.895059950585554,7.310225577532167,7.521362026339895,6.756890800960329,5.890605694207807,4.98453283976856,4.207175021645006,3.4430090547678964,2.685031963239388,1.9194816943372643,1.423195400491425,1.0954132307222153,1.1205699350980467
673,4.242925101103148,4.424272808712366,4.826049736785535,5.825433258255804,7.223884330553509,7.432527041776796,6.677085004098574,5.821031611205269,4.925660404653172,4.157483978082382,3.4023435934910986,2.6533189872956036,1.8968106507033684,1.406386005997417,1.0824752791782626,1.1073348571244424
674,4.42887002585277,4.618165242560281,5.037549924453482,6.080731130131555,7.540468902808763,7.758255318508158,6.9697062592583405,6.0761365822142706,5.141526000076218,4.339684471145769,3.5514502848393152,2.769599899089436,1.979937810694342,1.4680204524753921,1.1299144348394552,1.1558634763609592
675,4.716239455011158,4.917817185779833,5.364413850849295,6.47528238666681,8.029735969021592,8.261653564365588,7.421939108141487,6.470389719228218,5.475136465730039,4.6212670513345335,3.7818878987411284,2.9493067627708376,2.108407057953108,1.5632736879413511,1.203229493588586,1.2308622515446845
676,4.851472127556268,5.058829864941929,5.5182321691532445,6.660953566212811,8.259979294298189,8.498546856533851,7.634754566439499,6.655920607234683,5.632129626037697,4.7537765008351665,3.8903291288125468,3.0338746986208855,2.1688631743101854,1.6080987399253186,1.2377306977058262,1.266155792807597
677,4.851472127556268,5.058829864941929,5.5182321691532445,6.660953566212811,8.259979294298189,8.498546856533851,7.634754566439499,6.655920607234683,5.632129626037697,4.7537765008351665,3.8903291288125468,3.0338746986208855,2.1688631743101854,1.6080987399253186,1.2377306977058262,1.266155792807597
678,4.851472127556268,5.058829864941929,5.5182321691532445,6.660953566212811,8.259979294298189,8.498546856533851,7.634754566439499,6.655920607234683,5.632129626037697,4.7537765008351665,3.8903291288125468,3.0338746986208855,2.1688631743101854,1.6080987399253186,1.2377306977058262,1.266155792807597
679,5.155745640782698,5.376108393056711,5.8643233853371,7.078713720191315,8.77802677617053,9.031556763912315,8.113589347609897,7.0733651052493896,5.985364236729895,5.051922762211559,4.1343218964732715,3.2241525542834615,2.3048894361136263,1.7089551068892692,1.315358406969608,1.3455662606491907
680,5.290978313327936,5.517121072218807,6.01814170364092,7.264384899737316,9.008270101447124,9.268450056080448,8.32640480590791,7.258895993255984,6.142357397037553,5.184432211712062,4.2427631265446895,3.30872049013351,2.3653455524706715,1.753780158873269,1.3498596110868155,1.3808598019121032
681,5.307882397396107,5.534747657114037,6.037368993428832,7.287593797180567,9.037050517106763,9.298061717601351,8.35300673819516,7.282087354256744,6.161981542075929,5.20099589289956,4.256318280303601,3.3192914821147497,2.3729025670152817,1.759383290371261,1.3541722616014664,1.3852714945699713
682,4.986704800101506,5.199842544104025,5.6720504874570645,6.846624745758812,8.490222619574784,8.735440148701855,7.847570024737512,6.841451495241147,5.789122786345225,4.88628595033554,3.9987703588839656,3.118442634470869,2.229319290667263,1.6529237919092858,1.2722319018230337,1.3014493340705096
683,4.361253689580345,4.547658902979102,4.960640765301442,5.987895540358555,7.425347240170465,7.6398086724238965,6.863298530109465,5.983371138210974,5.063029419922194,4.273429746395128,3.497229669803606,2.7273159311643473,1.9497097525157707,1.44560792648336,1.1126638327808192,1.1382167057294867
684,4.935992547897123,5.146962789418207,5.614368618093197,6.776998053429062,8.403881372595995,8.646605164138625,7.767764227875757,6.771877412238739,5.730250351229837,4.8365949067727865,3.9581048976071673,3.0867296585270845,2.206648247033367,1.6361143974152779,1.259293950279081,1.2882142560969376
685,5.274074229260025,5.499494487323448,5.998914413853007,7.2411760022940665,8.979489685787485,9.238838394559025,8.299802873620658,7.235704632255095,6.122733251999047,5.167868530524304,4.229207972785714,3.2981494981522053,2.357788537926029,1.7481770273752448,1.3455469605721646,1.3764481092542675
686,5.34169056553258,5.570000826904496,6.075823573004917,7.334011592067067,9.094611348425783,9.357285040643026,8.406210602769663,7.328470076258392,6.201229832152941,5.234123255274686,4.283428587821423,3.3404334660772292,2.388016596104535,1.7705895533672447,1.3627975626308009,1.39409487988574
687,6.3221274414846835,6.5923427508301495,7.191006380708392,8.680127643775709,10.7638754566811,11.074761408862416,9.949122675429862,8.67356901430581,7.339430244383558,6.194816764154374,5.069627505839305,3.953551000990111,2.8263234396933643,2.095571180251097,1.6129312924807826,1.6499730540419932
688,6.879962215733291,7.174020052374025,7.825506943712104,9.446021259403096,11.713629173446991,12.051946239056244,10.826986440908902,9.438883927332816,7.987027030652696,6.741418243344534,5.516947579883955,4.3023937363716085,3.07570491966635,2.280474519685023,1.7552487594643935,1.795558911751576
689,7.809686839481011,8.143482221613729,8.88300788205145,10.722510618781987,13.29655203472365,13.680587622712535,12.290092716707477,10.714408782377827,9.066355007767925,7.652420708661468,6.262481036625039,4.883798295340706,3.4913407196212183,2.5886467520749,1.99244453777039,2.038202007934225
690,8.976068640182737,9.359716579387298,10.209690877422743,12.323924542366383,15.28240071523435,15.723792267663157,14.125626044527312,12.314612691434117,10.420421015421587,8.795314710604414,7.197786645991138,5.613196742047421,4.012774723201021,2.97526282543676,2.2900174232815647,2.3426088013269952
691,9.46628707815879,9.870887541349996,10.767282281274415,12.99698256822077,16.117032769361945,16.58253045177285,14.897082080857476,12.987162160457826,10.989521221536961,9.275661465044193,7.590886105000079,5.91975550950383,4.231928144995436,3.137753638878686,2.4150842882065393,2.470547888405138
692,9.567711582567556,9.976647050721633,10.88264602000241,13.13623595288027,16.28971526331939,16.76020042089905,15.056693674580856,13.126310326462772,11.107266091767737,9.3750435521697,7.672217027553676,5.983181461391398,4.277270232263293,3.1713724278666695,2.440960191294477,2.497018044352347
693,10.565052542587962,11.016615559542515,12.017056117493796,14.505560902032162,17.98775978723435,18.507288450639603,16.626207679528306,14.49460062551095,12.26509064903673,10.352300742236755,8.471971099330469,6.6068699882855855,4.7231340903967975,3.5019571862485463,2.6954065716590776,2.7573079111664356
694,11.630009838880792,12.127090407944317,13.228375374137224,15.967721440956925,19.800925973787603,20.37282312646416,18.302129413624762,15.955656368562424,13.501411786459617,11.395812657054194,9.32594578614297,7.272842483104796,5.199226006708808,3.8549544706223906,2.967103554082314,3.0352445486119968
695,13.658499927057685,14.242280595376542,15.535650148696082,18.75278913414695,23.254575852936664,23.92622250898707,21.494361288094165,18.738619688660556,15.856309191074745,13.383454399563691,10.952564237214444,8.541361520855649,6.106067752064973,4.527330250382095,3.4846216158408487,3.564647667555976
696,16.95479632034507,17.67946464995371,19.284971657354227,23.278524135580874,28.866756906553746,29.700496505586802,26.681738084106914,23.260935083819927,19.683017473574182,16.61337223114151,13.595819220205483,10.602704957200785,7.579685588268798,5.619940892491643,4.3255884661984965,4.424927735839901
697,19.794682443792745,20.640730912358645,22.515156341736525,27.177618906047037,33.70186673736225,34.6752556411189,31.150862708364134,27.157083731957364,22.979873840035257,19.396070670654677,15.873085051705468,12.378631610051993,8.84926403176743,6.561266984155249,5.0501137526604385,5.16609210236142
698,21.485090850606866,22.4033894018855,24.437885320535575,29.49850865037206,36.5799083033197,37.63642179322129,33.81105593708863,29.476219832039142,24.942288343881046,21.05243878941266,17.22860042759833,13.435730808177725,9.604965486230867,7.121580133955019,5.48137880412589,5.607261368148037
699,25.4744546906881,26.563263437168775,28.975525710501252,34.97580844697937,43.37208639897939,44.624773912182846,40.08911195687857,34.94938102823198,29.573586572957407,24.96146754968127,20.4276167147055,15.930484915754343,11.388420918764691,8.443919167482461,6.499164325584355,6.648420835404489
700,29.987845136881592,31.2695616042052,34.10921208389469,41.17258406432744,51.056457380085966,52.53108753829604,47.19182787757303,41.14147441545031,34.813233298225896,29.38397042676479,24.046842768339438,18.75293977474998,13.406143802182148,9.939955277447812,7.650642012997131,7.82634277505479
701,34.60266008748398,36.081619280613396,39.358262196015986,47.508613066335,58.91351085514985,60.6150711335353,54.454155391991016,47.472715968673455,40.17062489372516,33.90585539097382,27.74739974452697,21.63882058563318,15.469208772867464,11.46961017640118,8.827995603497811,9.030734870652298
702,42.42925101103304,44.24272808712236,48.26049736785548,58.25433258256037,72.23884330553301,74.325270417769,66.77085004098561,58.210316112051906,49.25660404653159,41.574839780822785,34.02343593491092,26.533189872955194,18.968106507033358,14.063860059974104,10.824752791782885,11.073348571244392
703,51.43912781935199,53.63769783630011,58.508642824854306,70.62467491981326,87.5788048520865,90.10828600847448,80.9496799500873,70.57131152548767,59.71627335203019,50.40328185380232,41.248332888419945,32.16752859896523,22.995995259323667,17.05032914840685,13.123395516093751,13.424780757887122
704,56.40892853538532,58.81991379550891,64.16146602252346,77.44809076812908,96.04024705600152,98.8141144956553,88.77064804253743,77.38957165972793,65.48577199333717,55.273004122950496,45.23354809354493,35.27540024145479,25.217757535446317,18.69764980881814,14.391314767402198,14.72181839929983
705,64.45527255182022,67.21016820565637,73.31365596160673,88.4955259511167,109.73972490995922,112.90926537966256,101.43316781126603,88.42865949611704,74.82686503164366,63.15731636823797,51.68580128279492,40.30719242453318,28.81489645869247,21.364740401865024,16.444136412377766,16.82178410444421
706,71.20000209500826,74.24317557886818,80.98534458701488,97.75587603097392,121.22311075812961,124.72431832655093,112.04733879387679,97.68201253544326,82.6568989019887,69.76622516208188,57.094307632607396,44.5250182250548,31.830145262001743,23.60038986956608,18.164883967724922,18.582049474932838
707,73.86904771798552,77.02629941291369,84.02120937823838,101.42041093776528,125.76735238246172,129.3998083000497,116.24761197329306,101.34377855131268,85.755424572379,72.38152337024803,59.23457880395348,46.19410953839478,33.023349017486325,24.48508811996596,18.84582361125542,19.278627232765434
708,76.25703907405894,79.516356383603,86.73739332700227,104.69906515263236,129.83307895730727,133.58296258786166,120.00559046539703,104.61995544337553,88.5276711213945,74.72142699006261,61.14947640361542,47.687443183365176,34.09090673534696,25.276626397356495,19.455059350337574,19.901854370667156
709,74.88954203759126,78.98483271957541,87.2609997034793,108.00118789781638,136.92171783176855,144.50995755111867,132.2769039241179,117.14755245803306,100.55768912066158,84.57753339750629,69.29952035596742,53.475244544283406,38.2829927086728,27.747167261430054,21.074626977837756,20.501193984948195
710,71.34055513414569,76.31558992150543,85.33432730722818,109.11033364319415,143.39971051476954,157.34879488969636,147.7581294232185,133.67702573265458,116.77161296670056,97.93771583198512,80.47829668535853,61.21184492978481,43.544473037064236,30.516822321934246,22.721326569930852,20.703197610795087
711,73.54811754663127,79.67116980368935,89.7852102477843,118.91965264361066,163.5084629947118,187.5993627479654,180.82801281135536,167.07914514878627,148.29852566311976,124.19579925150485,102.42772257125853,76.77207056975762,53.94537056385356,36.43924431453888,26.543544874551962,22.625679792141586
712,74.9449286588637,82.03895923726148,92.9174998758382,128.30013583205087,186.48821747333776,224.61927703280995,222.21982412757046,209.41247637102438,188.50323636438472,157.75552826395582,130.63904106821414,96.66102419990504,67.02642573808642,43.63390714261173,31.06422832703632,24.658686017649966
713,74.9305955007611,82.76009875649379,94.05781504185143,135.05266331057373,206.25520831849175,258.40226835305685,260.6908227742554,249.1764049630648,226.52354111613593,189.51308460712698,157.41539919354298,115.42235313051599,79.23127743818388,50.16015315930791,35.077907110232836,26.248468067315507
714,78.50537589365727,87.085603130874,98.7798322634752,147.26685543865992,236.06620196890643,307.3334514136607,315.3494682801325,305.17177135677593,279.9993924888618,234.3633493391978,195.20904995909328,141.7162069309554,95.90851218667773,58.99569428605274,40.59932517911703,28.95205094038267
715,83.07093943612121,92.13500755509956,103.95437802455373,161.0430979213991,271.29552446608693,365.6629772431487,380.7802403945633,372.185571598458,343.9369984394512,288.0752340878657,240.67397790368744,173.61188263962822,116.31410566532044,69.89908704847173,47.43114566171659,32.33847820955754
716,89.45760582488909,97.91775629453878,108.44654637244419,172.58045850018334,304.6078175072016,423.28402980815866,445.93305028786875,439.2531954312513,408.14174570992367,342.3992233189178,287.02369365170983,205.9917345650943,136.36320263298077,80.19635989547552,53.76073319241862,35.62405527970587
717,97.64299574142713,105.13176755939665,114.24706162600953,186.29621717628288,342.61362926129135,488.1952511092989,519.0440706043285,514.2159785960391,479.8736345099384,403.21481202190705,339.043438442123,242.45879086709905,159.0366647674673,91.92860307311523,61.06086841565327,39.630222715245154
718,107.60310824478256,113.87021471745435,121.4378273180034,200.8544775173789,378.4880605357542,549.2678722125963,585.3085676044795,581.9144212265813,544.5403530907188,458.13721011922917,386.12457975720645,275.44960065311386,179.17917952336862,102.21543504736289,67.39105677508552,43.18479113166135
719,118.91003051441567,124.06336444547209,129.9518753887452,215.46019888967007,409.4799944258458,602.0945249799469,640.1147761442886,637.7618598839898,597.7401382756336,503.44924476537705,425.09451202655026,302.6456783292355,195.20117626657915,110.14520152401143,72.17491875523329,45.93494095329671
720,136.41419899503686,141.42535780634418,145.34842376511656,237.4800801921392,446.70365392025997,663.1081388870916,700.6257690218988,698.9473145130129,655.4569402616988,552.665816033418,467.3472912422668,331.9280659800078,211.807276228071,118.21898859095238,77.021796958369,48.928665883616596
721,158.44291138629757,165.0989387271163,166.82555178830106,263.2466113883539,480.40640035944074,715.9979642440934,749.3936787184268,747.6575905473328,700.416580533667,591.1572041919247,500.6001791241593,355.10345421255806,224.3681535694273,124.25000549205495,80.58745193104531,51.308434267437114
722,183.2215730798151,193.50349224239366,192.97817978133415,290.41088963731323,507.0196567868271,755.8743105698114,782.0638030151268,779.8289932820242,729.1581620545031,615.9675322521222,522.2641639727547,370.0690561102309,231.39524587497868,127.23150028227383,82.20081595399071,52.64285207515449
723,210.29735846514268,226.72229306773417,224.05139657863558,318.3470629059276,525.0470788867,779.7932030835761,795.6736853382439,792.3481615702642,738.5388056766338,624.3842682188367,530.0989350441841,375.52733441129214,232.42601032457281,127.13166845179155,81.88423109266263,52.932994402565654
724,240.0069091018908,266.0012956144122,261.39713120500386,347.74410790423775,534.9525378501795,788.6945305461662,791.3690477104948,786.4831502342687,729.8130413771911,617.4303773911922,524.9511997224708,372.0143109547293,227.69180982997756,124.02728123425744,79.68675162054225,52.19999345801106
725,270.78671300170544,310.0725406503361,303.9890148121182,378.045047998999,540.3523582465999,788.948744316148,779.1246156127116,772.6121558358396,713.1349054796226,603.7179225515195,514.204540449027,364.8379654394087,220.9546534598303,120.05532859623807,77.08446384011687,51.29381154596734
726,300.9253895734286,356.75683356933524,349.8710714452153,407.735033845371,541.2970698340107,781.4279269948765,760.2377402866101,752.18285216559,690.2085391642023,584.6573994442127,498.9702890448169,354.6582591888933,212.62799856829977,115.37201474362031,74.14596083908711,50.21312548871827
727,328.88784940801895,405.57913285457045,399.08970590779506,435.77730162509295,536.7552307232628,764.4468091133858,733.1771036915468,723.594857486746,659.513919547992,558.8772252650789,478.0537711836514,340.7983269179553,202.59139613764768,110.05146348620903,70.93582019216683,48.9405755992434
728,354.5668193394649,456.502754730892,451.8119849605356,462.45483428772656,528.6627750520659,741.7593126087892,701.5844259530934,690.5871313887941,624.735440913514,529.5144795555506,454.0980662127916,324.9488919460734,191.624413033358,104.37180961392316,67.6072127788996,47.59167667103744
729,369.1418494406801,492.5307880083431,490.2840040308744,476.52223954835557,511.37508185990635,707.5211602889124,661.1447041238898,649.212105192007,583.1524683912127,494.3056060907581,424.9606565226778,305.27632178264713,178.74002289360396,97.67134623376003,63.646899436825734,45.674247609744434
730,378.66224073333495,523.1778019901197,524.2977161477884,485.591393619459,491.3006210024196,670.3399774605277,619.4646390202641,606.8986408183139,541.2519078202596,458.7469929498753,395.3917611229226,285.18542523417153,165.7780760979731,90.92559642006037,59.70593019475947,43.70603293195615
731,382.19813099505507,546.7184739268827,551.9756504281496,488.2299793470899,467.1312632888174,628.4942363331694,574.7530352992783,561.8695058129696,497.45630461215814,421.52826482923956,364.2682197806168,263.86777187408694,152.2746781364397,83.87013327079083,55.58431502012744,41.53308858614842
732,379.6673070418058,561.6016372001276,571.3841634319942,484.14265864173257,439.8620084130889,583.8196081245499,528.9146487742328,516.053164011211,453.66746243212117,384.2884898808482,332.97803867513954,242.24630036607257,138.7949803838514,76.77585765189679,51.419057910143046,39.215076951609326
733,372.91125719263283,569.9015152637193,584.4584050767561,475.48579535353696,411.612994423068,539.1508735331865,484.4177023772437,471.83290404629435,411.9616619453596,348.79752403612343,303.05674052258007,221.44959799877793,126.02138131238982,70.03247017370755,47.446254309312735,36.9160327947161
734,362.0824535278992,571.5070962619876,591.0846597573187,462.22795893505855,382.5152044731294,494.47854027161367,441.1575139782986,429.0497029085262,372.13227195900305,314.8835822436428,274.3901019471897,201.4714916436507,114.00966564406215,63.710951079658116,43.715990803627,34.67163099278709
735,345.7547869989506,562.56693308319,586.9418717317551,442.12532171247483,351.326452544907,448.23023683727973,397.69875886409864,386.2819623612512,332.96060471646496,281.53216457725233,246.0854273546,181.67434192279583,102.43554591697271,57.64317455103453,40.094414451948914,32.36426798183863
736,332.63890841022993,557.4117619769703,586.5117688016666,426.3442233699895,325.83384473848855,410.54034514162413,362.4982849797416,351.7508486916891,301.42959522751073,254.6589920505186,223.28168336143503,165.68256390679744,93.05123537618718,52.696411067076106,37.15407382611219,30.50489794155783
737,317.7881103552073,547.4478259267863,580.8219362816126,408.4714377036848,301.0937617347112,374.9247621050516,329.72649995864674,319.74078076688136,272.5466873199917,230.0371602196257,202.2853872438718,150.82374630377777,84.37729325278686,48.07400797868039,34.35112468742883,28.661373055646045
738,300.9374467586061,531.3969461709597,568.3524434340551,387.94529689846394,276.7681980102082,340.8904339321328,298.82587954802665,289.6630711002695,245.740686088855,207.18736874123897,182.68405979451018,136.80734581106273,76.24088051229539,43.688325490109754,31.634051858812068,26.80068768526709
739,283.31423506166385,511.45700027457497,551.3762532358467,366.3025407764513,253.5758252497461,309.1231110914144,270.272176369124,261.9452110185957,221.2814476935616,186.33769735396137,164.7110820061285,123.84697784396589,68.7627813720658,39.623612313886824,29.06781160817192,24.9873350495277
740,265.64947709960063,488.7977210776062,530.9443010128024,344.37748103256956,231.94734005746017,280.05917003503316,244.36331946782488,236.84392549707576,199.31988081206197,167.6305669247275,148.52762483866485,112.10351570012037,62.03645969250335,35.94391519769176,26.703562159099874,23.265515176327686
741,247.09069269847376,461.6374638543062,505.21756984457454,320.97225130993996,210.94524966346165,252.32780460823884,219.83627210463393,213.09688806584174,178.7217801155743,150.1078387952948,133.31690821501226,101.02986400984368,55.79289627006723,32.528224440195636,24.467668376009897,21.57977396346158
742,228.56147263694038,431.9389593565216,476.2269330920436,297.3441520001091,191.19809238366983,226.6647868051155,197.2914711560131,191.28520104197221,159.9445615748726,134.1594309877541,119.43103163140586,90.88070353106845,50.13622171394517,29.424403062202796,22.398568112975358,19.97221646394642
743,211.40618583732248,402.9295509855097,447.4440623242538,275.3972400317346,173.6283965747238,204.1424988566983,177.60188398593112,172.25589385777388,143.66312977202324,120.3525844692371,107.38194162594898,82.02757500873304,45.22051232377258,26.706951240596936,20.559983002992663,18.513366530986268
744,195.14844708363646,373.9804789820295,418.2231638557033,254.52023465833346,157.60663880629727,183.9021754610533,159.94345974151864,155.18436905112165,129.1130640179638,108.03565960189528,96.61467768348224,74.06956222928758,40.804146216775344,24.239070057006625,18.865381045152713,17.145106711797325
745,179.73936162113336,345.34710270439456,388.80427529508495,234.67926304041092,142.98687895172512,165.73009336003088,144.1091038653893,139.872584428975,116.11603942749154,97.05429208163903,86.98787503161995,66.89669755749388,36.8150123540528,21.977485617912084,17.283707584615836,15.844387558839701
746,165.01467118070883,317.0703636144307,359.22926069392423,215.7012266037465,129.5674068101533,149.32255232979566,129.81445515079187,126.0396023257516,104.42268252011907,87.19536842385112,78.31565994232655,60.38179653053599,33.18685766360964,19.891449173118417,15.796028622101144,14.596869741251924
747,150.72054652641782,289.10431066683617,329.6177384120492,197.27402630692345,116.90821487381098,133.99942420047228,116.45413555840527,113.09243582464582,93.4944251395895,77.9976529509565,70.21412440448668,54.27284497298778,29.792110286263128,17.925335623707984,14.374694054843856,13.387664669687963
748,137.1684323869275,261.8297227927739,300.393905557598,179.74031364143644,105.27393107856187,120.0407466279191,104.26965401877897,101.25951346276686,83.51992771298372,69.61885583939407,62.826295395337056,48.69361851181228,26.713809167753556,16.13669840511297,13.06579200591854,12.257639803746445
749,124.47165880098926,235.74877256370695,272.1303610659857,163.26635622427733,94.68115125812099,107.44018725074316,93.26518430437136,90.55391078748029,74.51150104722026,62.06729667036883,56.159312020103506,43.650306675206075,23.950181403001157,14.524062743286127,11.869715334933646,11.209815277345244
750,112.55458009248208,211.18257069408355,245.20155975555775,147.80592346940986,84.95860437783111,95.99400247029864,83.27127936363,80.8243234442629,66.34322245680596,55.23445772539396,50.11459367374742,39.056345392865424,21.43410475368728,13.04096470710283,10.751573492025143,10.21655494293691
751,101.23395313129133,187.88540747027113,219.37181643674143,133.1363374560107,75.94231397180296,85.47887060030864,74.10231081539106,71.89962860235859,58.88849551257694,49.01362698566767,44.58789869518608,34.83326967785771,19.124803026735986,11.66910801524695,9.697414242953982,9.262656275319452
752,91.07040845487973,167.08204757891093,196.11700343228014,120.03008876139158,67.99579934936575,76.29446982725702,66.10129986765865,64.11502644227429,52.413750291839406,43.623712657412916,39.78686914058536,31.14319092770607,17.10397933997969,10.457051776729713,8.751792256328502,8.394817466785687
753,82.23707606779837,149.10436068618634,175.90654253458757,108.70766420355618,61.189979375757375,68.48394197454036,59.30252841097639,57.50308264069827,46.93380052433297,39.07162560498546,35.72520087590861,28.0065697816595,15.385858551568033,9.418414265849865,7.931310552748008,7.632874383523358
754,74.23894125073328,132.97214980381145,157.65667152344187,98.48346285119676,55.120742402587766,61.55421846642587,53.275622834554916,51.642988141330925,42.09440024485438,35.05773752595893,32.134299946035235,25.225143143089422,13.867190927526021,8.49689163189149,7.193628755100755,6.939483963431745
755,66.84635646666227,118.10416045639171,140.73937399387796,89.025947849616,49.617534780303686,55.28150117829916,47.82365293367184,46.33873950557297,37.72810373182386,31.440848899650778,28.89050669056061,22.713496742863885,12.507778595661225,7.674483593125842,6.527820190473968,6.305946029915374
756,60.09892017998546,104.58736795046623,125.27297983512992,80.37642503056433,44.67206080464842,49.65450540515043,42.93845746316011,41.58453815440745,33.82606532656583,28.212493605827017,25.98975449606665,20.467992811152467,11.300621760208871,6.945621388960847,5.931176737340333,5.7319387552235765
757,54.12046980113155,92.73262424791963,111.63375874538853,72.71733674326917,40.3396487178361,44.744001810284054,38.68211000704572,37.443885166967185,30.438427405206312,25.414136489174002,23.471633911842996,18.51490742617534,10.252603492869639,6.3108036107587395,5.405236070016729,5.2209154594268385
758,48.71793997203791,82.16577289862575,99.3988380663546,65.72042046123326,36.42721446172436,40.33380624838693,34.881095025414524,33.75249318670831,27.42719181513582,22.92888433426976,21.228921664767768,16.7708614056563,9.303459516966411,5.7308144973239905,4.918222200906257,4.744774615445165
759,43.871651561971575,72.84838798957051,88.54179425156015,59.37511832589111,32.910866824283794,36.394178019173395,31.50571046431755,30.481281249294884,24.767054807915493,20.73475311894851,19.242564633741754,15.22082100962325,8.446789534129104,5.202191253887447,4.468674179364955,4.3032489294953065
760,39.42531826042562,64.48494697054308,78.72794343537369,53.484106393264355,29.671775279812987,32.784234125193116,28.426149943069635,27.50183698481799,22.350119179859966,18.740228782461468,17.430179051512045,13.802503389404851,7.653043258207227,4.7091670902114595,4.045312139912052,3.88656988160132
761,35.411668190734154,57.06096578982137,69.96209882195502,48.09717309047327,26.738227757977125,29.52730781383434,25.657500765471923,24.826238721442287,20.18424073522952,16.95181276209093,15.800285543964232,12.525981469833173,6.9328188334807885,4.260470298335219,3.6571710717431807,3.5038117258056576
762,31.661169851645223,50.207079005825754,61.80750127129483,42.962911019073154,23.987238189501245,26.47577831095935,23.06867515398335,22.32434534564579,18.160365102436895,15.277842960658745,14.26981387908927,11.330755969360585,6.25732349505688,3.8414084477201738,3.29341320383719,3.1453125319783015
763,28.21718349558874,43.96708591650791,54.325876630552685,38.150973894272155,21.448765656970604,23.667229990719143,20.69575039897349,20.032753425940818,16.30937702515335,13.745839670711575,12.865817364214049,10.236055814847402,5.635300555664669,3.455550447168077,2.957017115485282,2.8135836852471976
764,24.88093299680674,38.08197185801795,47.20444549575249,33.441112316345034,18.968896006266732,20.92938445963799,18.38010938529,17.796897130220582,14.502611066587892,12.245683668951513,11.484339457690501,9.157604828477945,5.0215430826343175,3.0753514256596515,2.625460716736143,2.4881436120726255
765,21.88995074277903,32.90418968441996,40.88545833318546,29.21781793951855,16.748521449460117,18.486034116330952,16.304287014715165,15.791107941622613,12.883742660405655,10.900703542684953,10.243989006903576,8.18688552266836,4.475300410824275,2.7372690806927755,2.330426088323228,2.198440595359638
766,19.215128384932022,28.380733801228676,35.31576269919866,25.446839426639468,14.761760781606426,16.307517802165552,14.44433124554728,13.993038064542427,11.434089857734632,9.695063414351482,9.130009622506416,7.311901834201957,3.9879490243609843,2.4355909715306034,2.0670442958442306,1.940018097237888
767,16.87762025854941,24.51379997915449,30.517060363336245,22.15750756581578,13.02448003635852,14.409658712304788,12.81838550853146,12.420992430956435,10.168303136985612,8.641712318768052,8.155197526658542,6.543431698591251,3.5629715249146363,2.1720675748161478,1.836831194621092,1.7142611882973793
768,14.826334677187592,21.19156968135368,26.368948308452673,19.281234434548555,11.49681298275027,12.743961735778742,11.385880875776431,11.035932362912197,9.053322019623531,7.712490362742495,7.293283443905758,5.861380011046484,3.188251037486225,1.939576077921499,1.633831805484533,1.515679219577578
769,13.031274196952447,18.32201986735267,22.759928683044045,16.76386117443014,10.16327333175702,11.289769408786274,10.130343024433907,9.820877737600572,8.075106166596795,6.896359892819809,6.5352522969600875,5.261080850073475,2.862948728419334,1.7386081705481047,1.4585938965982936,1.344412440207959
770,11.386005241274429,15.733178004824627,19.487358455286863,14.466522690889438,8.939483150080507,9.95128383797055,8.967311779203945,8.693976877529556,7.165717905651816,6.135272909403284,5.82622903139002,4.6993303374830635,2.562685844964238,1.5546038848371089,1.2989287933393305,1.189132698301624
771,10.092966451656528,13.728696039299914,16.93519270093852,12.659162204321287,7.971806934672974,8.901895591427351,8.057351557268703,7.814431578516503,6.458657468451877,5.544301739724427,5.275260044776068,4.258973896891413,2.326462867547239,1.4076014979443374,1.1703317564397366,1.0638182484344074
772,8.958038567956205,12.005911636180306,14.736174335149242,11.089830059318047,7.119898763770574,7.97831965158496,7.252883800366233,7.03671979471931,5.832523727712604,5.0197831517575,4.784899011938251,3.8655438043377734,2.1161608690682834,1.2766779933068133,1.0560875220769828,0.9530401459051063
773,7.977677185646566,10.553722976519307,12.878913592153237,9.75172245977332,6.380528246061918,7.177216504186488,6.5517550769369075,6.358899960735081,5.285831562689315,4.560687329717309,4.354557031953196,3.518732722162895,1.9310569154861565,1.1612646054509241,0.9556665791566437,0.8562368251591579
774,7.125459082206102,9.319352150644201,11.302003898969685,8.606777601853016,5.73564033792666,6.477227473853418,5.935566666850979,5.762922693674357,4.803850139492819,4.154692591913772,3.9729783905521407,3.2103133469855885,1.7668941779376317,1.0590792181284476,0.8671197102455933,0.7714856568371553
775,6.416897020800077,8.308995986518962,10.011813851266197,7.666909080650969,5.199353412568079,5.895475207007881,5.421482087332801,5.265578931308222,4.401316305403141,3.8152345190589716,3.6535541570987595,2.951435463664114,1.6295848979308565,0.9735197197103064,0.7931031377070862,0.7008642700286926
776,5.77479652569413,7.399822690738282,8.857519609111478,6.8230475740513485,4.71256686747334,5.36365953252867,4.949355949095791,4.808092011192847,4.029327709735038,3.5004473492450154,3.3567368910550743,2.711900249628473,1.5028817830395513,0.8954484873103346,0.7261029966140475,0.6373874076028058
777,5.203629231954308,6.596166161704397,7.842882827690379,6.0796335352814435,4.278921872394546,4.8873314395142575,4.524843236727195,4.396271748964084,3.6933526892644295,3.21539442717923,3.08747057486523,2.495208350995589,1.388419425425127,0.8254689962222983,0.6664040423246921,0.5811498458235421
778,4.691308143989123,5.884603784825491,6.9510098648243,5.423093240841679,3.887564596819305,4.455629722524983,4.138368693285884,4.0212077893011156,3.386278344754828,2.9540703160195596,2.840068275609675,2.29608223366839,1.2826884442603321,0.7610505601925459,0.6117775786803057,0.5301006416531371
779,4.235661338629403,5.257889159426538,6.170336855509959,4.846733421867872,3.5378425283228614,4.0688289789967325,3.790889589247464,3.6838929657647634,3.109474954748813,2.718048931731963,2.6163378169785574,2.1160153659613052,1.1866867708999311,0.7026705434312005,0.5624803183956308,0.48428726401581507
780,3.830757301412242,4.709337303589564,5.492281989764576,4.343337428999803,3.2251467545403494,3.7222029353090744,3.4783205150384413,3.3804938939533065,2.8599361820737874,2.504797775423088,2.4138417236580216,1.952804111628211,1.099096638289406,0.6494081331606399,0.5176883560419421,0.4429342080072404
781,3.477954188219363,4.238884264553365,4.915378040138291,3.912453669228853,2.951338011795347,3.418119676742208,3.203178484603476,3.1134674501377697,2.6399214956805475,2.316416270807427,2.234693628104911,1.808194901682717,1.0210344885512572,0.6019192848472292,0.47788371376808364,0.406398566806534
782,3.151360539240289,3.8059981766278463,4.388596780202663,3.5182963079745866,2.6970554236062787,3.1339946285791354,2.9449235156462237,2.862591597696467,2.432520574744558,2.1383839288963435,2.0651920228317198,1.6716534604711342,0.9472619584009537,0.5573632856294353,0.440788228546158,0.37259607401334244
783,2.8510290793866653,3.4095397611781664,3.9106251761243453,3.1598744418245457,2.4620442197327583,2.8692002146453888,2.702958860090543,2.627244834292339,2.2371313847153425,1.9701191700660274,1.9047372494260344,1.542889994795457,0.8778391077954179,0.5159222464416027,0.4065792367618347,0.34165635812256107
784,2.573163620316336,3.044594313446266,3.474472370478387,2.831829696650987,2.243136935946885,2.620705966095037,2.474818355216225,2.4051504720175996,2.0520203004556867,1.8102227897512162,1.7520282007400445,1.4206773752788908,0.8119554402270036,0.4769705732460352,0.3746780790890755,0.3130272941153375
785,2.329912489983274,2.7277391798228825,3.0978513304092172,2.5477022216790437,2.050893765422578,2.4020759897175594,2.2736802739418636,2.20934236935396,1.8886016952783393,1.6689113119635814,1.6169798895386651,1.312590984061379,0.7535543961856612,0.4424849736561945,0.3465124411517146,0.2878276226437525
786,2.10634075501678,2.439669991282634,2.7578882507987146,2.289578029321482,1.8726598803654528,2.19850878420922,2.0857052079643057,2.0263286995208807,1.7354080537500391,1.536124878062505,1.4899098123543288,1.2108574665942018,0.6983113198278131,0.40996510007127135,0.3201059343632551,0.2643716724006871
787,1.9078371621409522,2.1869811214175052,2.4616554478551342,2.0629910262733966,1.7131696524858333,2.015876500653706,1.91658561920901,1.8617117836641097,1.5973455485691375,1.416236586778853,1.3750348944649886,1.1187850284027914,0.6480794052339272,0.3804152082845706,0.29618763013773525,0.24323980001612913
788,1.7309948708966008,1.9643684191256139,2.2023225801853448,1.8632286333465475,1.57028521527952,1.851848868525849,1.764331251047614,1.713534152423173,1.4728691892310704,1.3079739443850744,1.271165777074462,1.0354565830919975,0.6024550683834085,0.35359888755322444,0.2745456854989113,0.22421305534960215
789,1.5756810066551614,1.770228817644238,1.9772600994729146,1.6889923272361298,1.4443971251701961,1.7069980552997939,1.6296288684087423,1.5824333028519635,1.3626194631121638,1.2119813055188777,1.1789888315462511,0.961507897247949,0.5619057891796858,0.3298112062526083,0.2554039313096967,0.20744331731293641
790,1.4351256281245566,1.5952101871948148,1.7755098029140624,1.5320918014383227,1.3299541290164467,1.5746885571102862,1.5062628547696346,1.4623141867320686,1.2614001191801176,1.123701512361939,1.094121573124929,0.8934900412820882,0.5245945417583633,0.3080327380701939,0.23796232100845113,0.19224796219746818
791,1.3117374484783275,1.4417643940588667,1.5992731686575488,1.3948268806561828,1.2294590356021737,1.4582841522512484,1.3976305444261274,1.3565334246746457,1.1722236425703159,1.0458942508136846,1.0192847107331804,0.8335163053104354,0.49169480603697074,0.2888476585024234,0.22261694064777007,0.17890595304658877
792,1.2037874245246971,1.308914083561831,1.447144701496914,1.2754819485105275,1.1407528652437446,1.3556765320624566,1.3018161613825734,1.263362352868301,1.0937001740421692,0.9773362453192281,0.9532411992412173,0.7803192271632204,0.46222003174378706,0.27150282458959346,0.20871771633541616,0.1668811268256312
793,1.1108863533962514,1.1956848380822132,1.3177708450857608,1.173391577376086,1.063959134637636,1.2670840294007835,1.2191190761695907,1.183067720507097,1.0261147359482752,0.9183257824666465,0.8963101836371996,0.7342182719993227,0.4364483536204976,0.2561827023152676,0.19640156626194635,0.15625800250381872
794,1.0280121474536696,1.0965294274912074,1.2050091139670778,1.0831679286535032,0.9943536487293646,1.1867798799456588,1.1440150824886846,1.1102528413357504,0.9647360848456239,0.864615458744603,0.8443636467470371,0.6918998817431462,0.41248163451603304,0.24182451577377964,0.18486618163316443,0.14639684621137608
795,0.9540210994974976,1.0094430690296576,1.1063988122436317,1.0032629528229466,0.9313266509499434,1.114066151222817,1.0759052753663647,1.0443104866166582,0.9091052832591231,0.8158434988451647,0.7970905584492617,0.653190898552826,0.3903187054033229,0.22845885907372576,0.174131951471931,0.13728843583885464
796,0.8875637268359112,0.9322124298071556,1.0192506520751132,0.9319402955531716,0.8740590870693268,1.0479856635481286,1.0139413451122112,0.9843852577458685,0.8585158184708105,0.7714205868526604,0.7539544069007077,0.6177366713262538,0.3698586309059725,0.2160593432103529,0.16417270035929374,0.12889046686742794
797,0.8275068863981038,0.862719051296673,0.9411437480625214,0.8677051880253462,0.8220665023758816,0.9877605560567255,0.9573928840394988,0.9296810874381792,0.812265959529863,0.7307458220327264,0.7144234938937838,0.585304390028406,0.3511719220337649,0.2047910357296132,0.15515096036161985,0.12131544780757915
798,0.7701103854422919,0.796656260452437,0.867276760778103,0.8064423109307037,0.7718007321111925,0.9290322260468591,0.9020185940410427,0.8760386012441553,0.766703136072465,0.6905412785864817,0.6753094192354183,0.5533633565883065,0.33283345215633225,0.19387868202712916,0.1464920957584062,0.11410010309042004
799,0.7169447557308948,0.7362196880723266,0.7999428567745781,0.750027303004442,0.7246909010360209,0.8738416802958194,0.849859094112097,0.8255146613061827,0.7236905174332995,0.6525070126663195,0.6382668414108983,0.5231024977113391,0.3153887815655513,0.18351779788710182,0.13830377827110038,0.10732007787964903
800,0.6684278202735315,0.6815484020070082,0.7391731755914017,0.6987953246929725,0.6814215659713747,0.8231019944380803,0.801857994834011,0.779030914076949,0.6840837842350344,0.6174490449468847,0.6041039526275459,0.4951844814581169,0.29925620865573627,0.17393850616255285,0.13074625538826826,0.10108077691074868
801,0.6255195604054669,0.6337666623112455,0.6861692629115298,0.6537916068284956,0.64292904076761,0.7780182437927579,0.7592014116869125,0.7377582835813102,0.6489249647430759,0.5863112537772395,0.57374358099904,0.47031929583707616,0.28481664550339963,0.16533163411752735,0.12395437975055756,0.0954867234543469
802,0.5867337953747794,0.5910167734379813,0.6388948110912419,0.6134142254049948,0.6080415821784949,0.7371252083768403,0.7204888430839803,0.7003114877957809,0.6170069851926071,0.5580200003605569,0.5461468330878623,0.44770329406674136,0.2716644117893208,0.1574914420191687,0.11777180091400753,0.09040535440434334
803,0.5516421414756353,0.552623046674853,0.5965846849914149,0.5771266910918972,0.5764738095853578,0.7000399801607793,0.6853370657606449,0.6662978727820571,0.5879799111618402,0.5322666258616664,0.5210220163402742,0.4271237109694214,0.25969876264558217,0.15037734811812697,0.11217643947371211,0.08581723092798452
804,0.5192042968675585,0.5171636204681168,0.5576585647208309,0.5437319805075406,0.5473971927998978,0.6657215520993175,0.652760692530137,0.6347426571690968,0.5610025978577531,0.5083079841440069,0.49764877405375174,0.40804039780856066,0.2486666587228683,0.14386901360856946,0.1070771635993099,0.08164309554480756
805,0.4902818544479877,0.485518132033446,0.5230037519083582,0.5140748899840608,0.5216300077403763,0.6352392584979368,0.6238355390757663,0.6067135139414209,0.5370412757963224,0.48702840999093105,0.4768898605691772,0.3911255184164994,0.2389366405907692,0.13815237275944778,0.10260193919962798,0.07797588863175926
806,0.46505705507817247,0.4580766675254771,0.49302454519264366,0.488432493423066,0.49932099373368793,0.6088669977964726,0.5988364966043653,0.5824986586397115,0.5163683272814004,0.46867699922066614,0.45897540936493897,0.3765146643028337,0.23054028591065748,0.13320987171547521,0.09872628563055384,0.0747944455030977
807,0.44218968098591305,0.4333664922643428,0.46609364102291045,0.4653139868740774,0.4790648347609801,0.5849030387996338,0.5761072364678382,0.5604901757261749,0.4975773341954794,0.4519882350219372,0.4426690502137457,0.36319428528284853,0.22286841135766217,0.12868580658206547,0.09517761767886311,0.07188682534219229
808,0.422381756100419,0.412114904050603,0.4429887485805791,0.4454797308914879,0.4616463652076033,0.5643315805084838,0.5566187301291003,0.5416365149280215,0.4815226119041784,0.4377410902421356,0.42873407146959963,0.3517818257657512,0.21629117938300624,0.1247875507171037,0.09210791574969335,0.06936527763251174
809,0.4044191321640288,0.3930280864042288,0.42229910213895244,0.4275934512900546,0.44578536290438414,0.545576984631355,0.5388299863053752,0.524434380864737,0.4668704159505848,0.4247266653707941,0.41598659566105717,0.34132102709320733,0.21024124497658445,0.12119683862446047,0.08928219053015189,0.06705169271403325
810,0.38856171901352354,0.37624203297673375,0.4041361225655627,0.41188758326305625,0.4318539630761994,0.5291172838925766,0.5232455045146968,0.5093779923424465,0.45408138522491626,0.4133725876230788,0.40483930007186636,0.33216072092831644,0.204954129151052,0.11805081937485998,0.08679780645914954,0.06501380165361427
811,0.37400692519648665,0.36077815824787,0.3874138816380374,0.39742460519326933,0.4190905912239811,0.5139818428714145,0.5089053670100319,0.49551350751530016,0.4422976636519057,0.40290590425398215,0.39456234041478766,0.323737061752971,0.20010754423492472,0.11517972944108935,0.08453464238274526,0.06316448361128225
812,0.36113892530790637,0.34706643415483995,0.3725448557067596,0.38462986286478035,0.4079713190237401,0.5008383848253288,0.49648913163296776,0.48351312844741706,0.43213877975722426,0.39389768593485186,0.38571271372061994,0.316480514590564,0.1959378907370462,0.11268886448877831,0.08255381962674489,0.06155440899861527
813,0.3500688511170925,0.3352537095488515,0.3596540045774808,0.3735420203224099,0.39849001166969955,0.489666016670526,0.4859536346843275,0.4733295968757635,0.4235387407513502,0.38628221831511056,0.3782418201314743,0.3103511326784688,0.19240786435018112,0.11055846513941756,0.08084375019715091,0.06017634294091424
814,0.3406063590861907,0.3251523367647938,0.3485300322343911,0.3640008553156804,0.39055401453567484,0.48037570494800874,0.47722547290686634,0.4648912034348801,0.4164451089241733,0.3800168913923179,0.37210641615716405,0.30531116292461646,0.18949779235221545,0.1087728825538891,0.07939403704196073,0.05901916748455603
815,0.3329224892157591,0.3169162394395763,0.3393294004526979,0.35615337915338124,0.3843197529760281,0.4731520743807778,0.4704832065300642,0.458369594260148,0.41101649263873696,0.37524290602855864,0.3674248827311593,0.30145792602343136,0.18726114651677303,0.107361984007574,0.07822911098258244,0.05810550046778319
816,0.3283770479624114,0.31182688711955314,0.33338085542605506,0.35147341330022236,0.3815371390696133,0.47019193678404136,0.4679283830862135,0.45590078349726226,0.4091550015650033,0.3737028416549687,0.3659344137579735,0.3002141418858498,0.18655435820970265,0.10679610375349771,0.07768187806037272,0.05769647748119106
817,0.31995089407350213,0.30297454560526865,0.32344887223215274,0.34241931114749086,0.37413275811975055,0.4612145774673471,0.4592332956869671,0.44734244691426284,0.40166597565413603,0.3669753906360711,0.3594109206062837,0.29501703341520624,0.18351445782133982,0.10502931415248895,0.07632069180148651,0.05671725770201062
818,0.31248634057114294,0.2950123903751124,0.3142767454150349,0.33401292141206795,0.36766507210268173,0.45336638571617577,0.4516122514240643,0.43978436250108643,0.39499522509400514,0.36097486083599506,0.3536384127229602,0.29049163964815045,0.18085769937118,0.10348594011481639,0.07512377970319253,0.05590436934757496
819,0.301187947804075,0.28336714082355946,0.3011576336528898,0.32129095339457436,0.3564891677077477,0.43956028595390045,0.437982183737144,0.42632408324061544,0.38293877382342806,0.35002846823824385,0.34304965511650415,0.2821079885735734,0.17585987794011868,0.10067716182207473,0.073044340564333,0.054445713450149924
820,0.28902249607381236,0.27089456985881305,0.28709216603341964,0.30743423466888736,0.3440376720926516,0.4241744427651741,0.42276341145822827,0.41130467882872573,0.3694507006844755,0.3377669182581095,0.3311979777362077,0.272749382247639,0.17027921001252772,0.09756628764002276,0.07076134886522466,0.05284109241919006
821,0.2765181988041669,0.2581548090846419,0.2726561123776524,0.29303065153674523,0.3308438329461621,0.40793734125223374,0.4066980941118215,0.3954760838808267,0.3552342991590974,0.324836392879141,0.3186963284279045,0.2628432766138888,0.16430981263978797,0.09421166977244866,0.06829268688378372,0.05110507305750746
822,0.2640209808601607,0.24554478118859283,0.2582940937167483,0.27854641683006776,0.31736198185223785,0.39146415311292265,0.3904302569223676,0.37948165430706077,0.3408720931765856,0.3117742995636945,0.3060856756713162,0.25281099040278476,0.1582057119858291,0.09074285939368565,0.06571962413961176,0.049293392808652116
823,0.24964623063403582,0.23124635836783064,0.24213833809023658,0.2619934608976889,0.3013339094447604,0.3718655900426841,0.3710343990585118,0.36046127107485,0.32380666619376697,0.2962346859052819,0.29102917412352064,0.24073884496751166,0.1508084090923408,0.08652315492703824,0.06258945495203859,0.04706490194712387
824,0.24024472650333856,0.22195626232808405,0.23121050461330533,0.25078023174657055,0.2907989568791111,0.3593820333335316,0.35879995500986944,0.34851387632287306,0.313198915099617,0.28661045904404353,0.28172669455670984,0.2331684832773005,0.14595688453599515,0.0835822967470189,0.060324108520749826,0.045489825005721025
825,0.23011059233379325,0.21201121717344254,0.21967022085768154,0.2389579449383226,0.27963435573734124,0.34618786995374,0.3458689854809823,0.3359042132048801,0.3020344422340194,0.2764701064635509,0.27188345208846193,0.22509101343894145,0.1407399862661935,0.08040858797137064,0.057890157105443256,0.043788201064281954
826,0.22314269161948427,0.20501771597784163,0.21127868635812774,0.2307725365218565,0.2731265486108896,0.3390756009534276,0.3390553612755736,0.32927948627548176,0.2963432448169832,0.2713432023041865,0.26692270476503055,0.22088547656910254,0.13776478246667725,0.07840412387096356,0.0562812907818235,0.04272283044844828
827,0.2160556770860629,0.1978986355773356,0.2029830536339432,0.22301024672664685,0.26762131839755704,0.33343302946013864,0.3337111973846082,0.32409503922878813,0.29201437185838586,0.2674626633306616,0.2631342599758812,0.21751262981550618,0.13519041058446288,0.07655741094017035,0.054792754858291506,0.0417544746686482
828,0.20788066581995476,0.1895604727261733,0.1936794007540032,0.21470960054960284,0.2624691647423398,0.3284686905426497,0.32904388262561823,0.3195512068440231,0.2883310590134767,0.26418279224006774,0.25990834132686097,0.21454021038178844,0.13282076940530324,0.07480418113339381,0.05340838958357251,0.040862620314458455
829,0.1979686460285198,0.17937785994581645,0.18273852091910417,0.20517798135032145,0.25683797392308144,0.3230840150723192,0.32392362030025523,0.31453264386852553,0.2842794670832518,0.2605780431232623,0.2563420320914572,0.21125412471129884,0.13024365114298625,0.07293508427210327,0.05199084391987136,0.039937517709339385
830,0.18688709499318584,0.16789569974051638,0.1706778274471747,0.1949393542308826,0.25127873697160147,0.31804332882945474,0.3191589496143154,0.30984858113567626,0.2806130788984384,0.2573531862575952,0.25313878801404954,0.2082271147215319,0.12780667202657373,0.07112948525303052,0.0506538359607995,0.03905747193052126
831,0.17450867195813252,0.1549948058418522,0.1573281055456651,0.1837012884804738,0.2452113520672096,0.31254573335848235,0.3139416857120523,0.3047107471055434,0.27659341095308526,0.2538347315483926,0.24966076831203413,0.20496207731749955,0.125231443717634,0.06924824439166903,0.049294081786423964,0.03813788894870283
832,0.16056874834014576,0.14030022429817887,0.14229027091797825,0.17113975878237397,0.23844210779238242,0.30639554755647885,0.3080723892365183,0.2989252964138619,0.2720790649857788,0.24990139591266466,0.2457779665993647,0.20134640315544466,0.12243899618949529,0.0672428474181288,0.047880395793462024,0.037153232567431714
833,0.1458684125606981,0.12470916341668012,0.12641722117820922,0.15778809690631793,0.23081942130946637,0.29916121557055575,0.3011060900337595,0.2920570649501834,0.26660986371695927,0.24512131783298433,0.24107827002210666,0.1971001203608986,0.11931625535713206,0.06509099581476871,0.04638378871771108,0.03607874418561811
834,0.13241016764680222,0.1104238653512896,0.11187936899399833,0.14553132860861037,0.22368425246843668,0.292388944609099,0.29459355430507067,0.285641279093917,0.2615168667289254,0.2406977573575984,0.23674109870340285,0.1931790325667992,0.11642906084177541,0.0630907150999909,0.044978661374768435,0.03505630205394742
835,0.12003930918893145,0.09738478220086629,0.09856747784579056,0.1340437457641071,0.21628065269864497,0.28499922222441193,0.28744043779183165,0.27861084238455597,0.2557942763976046,0.2356947422148161,0.23184800069481884,0.18885652513537415,0.11335477202322052,0.06102512347401249,0.043504319834482885,0.03396872676311042
836,0.10957835109158102,0.08639645931335897,0.0873048530021541,0.1242005562531371,0.20961920107116125,0.2782861487997122,0.28095199649136965,0.27224762823399423,0.25059821033054114,0.23116521963727013,0.22743738605978642,0.18495845105540606,0.11056935328659685,0.05914001125425524,0.04212504767390003,0.032948341281878256
837,0.10052053925599987,0.07697588751502085,0.07761275985883133,0.1155043307906973,0.20316013235580094,0.27152733469379847,0.27439813381092143,0.26583268819688655,0.2452691667115557,0.22649252829173097,0.2228885679009441,0.18099348624231684,0.10779312619225882,0.05729907338276722,0.04075834789669638,0.03193189264266039
838,0.09289422548629643,0.06913027027517923,0.06950994430111937,0.10803083748604488,0.197113440657891,0.26500000366182314,0.2680579823401266,0.25963822191001135,0.24006063135623532,0.22190422587248446,0.2184223197792952,0.17714304219875235,0.10513927257943578,0.05556847004247954,0.03945267864790886,0.03096176438741947
839,0.08666485667682926,0.0627636151979719,0.06290193585456498,0.10178362884991136,0.19171718213692657,0.259047649438019,0.26229923634985297,0.25401682010488,0.23529901804171718,0.21770387604244337,0.21435146005491593,0.17366377106191067,0.10276556879099578,0.054031797761256585,0.03826528770553393,0.030085569711640607
840,0.08177743694873893,0.05777101854047422,0.05768365548075443,0.09682560563721511,0.1873973005739182,0.2543606997075715,0.2578252078305273,0.24966245105679263,0.2316630495229869,0.21452016866065346,0.21127027226144232,0.17099471735907304,0.10088991034730757,0.05277115364632274,0.037254090066978406,0.02934965121455337
841,0.0778677590107171,0.05384561370997939,0.053554180251792004,0.0927762080152336,0.18359815985084943,0.2501725557667669,0.253838075499516,0.24579116316713875,0.22840381352112413,0.21165575405081785,0.20850315517886234,0.16859676222468675,0.09919946425660393,0.05163204108053573,0.03632299834225705,0.02867696178665418
842,0.07490448258535512,0.050897089103922814,0.050421505400403736,0.08965784390290667,0.18061117215516528,0.2469170155626281,0.25078144476252157,0.2428317680221101,0.22594171306627686,0.20950317535815494,0.20642515169882764,0.16676849980571465,0.09786802878768087,0.05069991623128901,0.03552905146541109,0.02811559771024414
843,0.0726886645126277,0.04875312541376583,0.04811349423003516,0.08726381383478708,0.17815516874283535,0.24421971090123407,0.2482747541408961,0.240411782506791,0.2239319551076083,0.2077443359053827,0.2047255755169317,0.16526289775486344,0.09675342299890742,0.0499031579361794,0.03482446634799479,0.02762923874284492
844,0.07103219253232444,0.04721138061306972,0.046426499389781384,0.08542499677215735,0.17613804476007186,0.2419975135120954,0.24623776022885327,0.2384538184716283,0.22231990543358343,0.20633561832125583,0.2033732680018667,0.16404906761869956,0.09582266998599412,0.04921858147736202,0.03419492659460437,0.02720653665658444
845,0.06973072576641114,0.046035177056182874,0.045124095386459624,0.08395299538304764,0.17446721678269178,0.24016294164227606,0.24459395108195686,0.2368821394520637,0.22104645489162067,0.20522387405695294,0.20230176274994197,0.16307564821597356,0.09505946529056278,0.04864004047833857,0.03364225721465378,0.026844767726028555
846,0.0685425457798244,0.04501877062908274,0.04400046640512301,0.08257691930651033,0.1727254617388618,0.23815269075151133,0.2427668755751386,0.23513276731682708,0.21959183966360538,0.20393224751907318,0.20105859454737843,0.16198087555286683,0.09424129573069097,0.04805462399495549,0.03309639512008289,0.02648750279552457
847,0.06736853472882233,0.0440703632354728,0.04295992959409237,0.08118227107375528,0.17076579833623587,0.235773654541325,0.24056371158076217,0.2330153493827051,0.21776891036643065,0.20228972072488563,0.19949101244986064,0.16064905835706408,0.09330616786363473,0.04743200654346375,0.03253277361357375,0.026116700165987692
848,0.0662815353134647,0.04322923906823105,0.042038615203637164,0.0798770285608563,0.16884314942165343,0.23340474019070306,0.23835629412652842,0.23089587221329566,0.2159458353261081,0.20064003332351735,0.19791048174504663,0.15932222148382738,0.09239708870804211,0.046839019380708384,0.03199414756714499,0.025764533922938426
849,0.06526452130700429,0.04247516687454273,0.04121194230745979,0.07864870556711269,0.1669714011061712,0.23109340764754702,0.23620624706641788,0.22883719923369686,0.21417214784430275,0.1990311664984412,0.19638072736441764,0.1580413377495071,0.09151674988307994,0.04626645022978794,0.031473726332023944,0.02542738693325321
850,0.06429893152770612,0.041789438206511216,0.040459924792750304,0.07747659475613286,0.16512107825993944,0.22880123692656135,0.23407098748014374,0.22679914801743248,0.21242370170044264,0.19744179943050508,0.19486445404774194,0.15677201964198112,0.09064306817266957,0.04570188546897823,0.030966387286623234,0.02509791475410696
851,0.06338361777384957,0.041162296618235165,0.039771963064725115,0.07635980582875034,0.1633139348138814,0.2265562243368809,0.2319924704955026,0.22482083342038095,0.21072292245402682,0.19588819233935542,0.1933644619392518,0.15552129542577728,0.08979675458522252,0.0451589757862426,0.030477380722784022,0.02478352005326607
852,0.06260189779511295,0.04064017663352258,0.03919084708832088,0.07539759568265124,0.16179167036586609,0.22468923407671224,0.23029752634205838,0.22321488223574956,0.20936333976299334,0.19464658302708163,0.19216711976228648,0.15452101915980165,0.08910830228199172,0.04470403312318792,0.030051460481445247,0.024521475065934543
853,0.06176576374231705,0.04009088737958726,0.038591478000203745,0.07434439340795507,0.1600395252478068,0.22243090908367386,0.22818908245868183,0.22119609999572276,0.2076075196263056,0.19303142884018598,0.1905889252606617,0.15325059751064277,0.08831511139058941,0.04422832256399748,0.029621311090068048,0.024253836674233753
854,0.06100049070222927,0.03959568581558415,0.038049830972990355,0.0733652381916597,0.15843508887129637,0.22032866762466646,0.22622647654757852,0.21931069390640395,0.205980043247629,0.19153249844436818,0.18911409873674398,0.1520895956314884,0.08762238502315865,0.04382549506200511,0.02924600898787893,0.024030093277880433
855,0.05975754510862836,0.03878245388945548,0.03722102109635931,0.07175643794887167,0.15539397708510347,0.21603548719161023,0.2219719921304204,0.2151589675320013,0.20215097527657885,0.1879785329542106,0.18563011339548602,0.14941569079538958,0.08617318735533834,0.04312613030002207,0.028697268237855105,0.02365615486191278
856,0.05865444667272511,0.03807009987628719,0.03648894187686632,0.07032433420941483,0.15272083450119162,0.21227643358465034,0.21826146340442523,0.21154429967126426,0.19885708924162568,0.18492628631845168,0.18263403033753484,0.14713183407262218,0.08495014880060937,0.042537959655159545,0.028220647386076183,0.023339698098555215
857,0.05762841107363264,0.037417333916632094,0.035815767594093426,0.06900779370490844,0.1502776627577467,0.20886881541654084,0.21491489209490414,0.20829447792753594,0.19591987535334607,0.18220644344338716,0.1799557809484083,0.1450919138197995,0.08386850176884764,0.042015283577321885,0.027787023670823276,0.02305194255463253
858,0.05659669930459391,0.03676777583002279,0.03514808202557366,0.06770474053908922,0.14783894890102342,0.20548746120091113,0.21158274132747984,0.20506667790946917,0.19302089410640683,0.1795267739216797,0.17732173208293847,0.1430771096402168,0.08279916269787334,0.04149641574336523,0.027361248566778937,0.022760632448353135
859,0.055574642801470224,0.03612745624559466,0.03449335638444089,0.06643625645301654,0.14545295726514137,0.20218786171764286,0.20832095932928496,0.2019123597019643,0.1902018153388261,0.1769225238889963,0.17475312008511018,0.1410966712854653,0.08174076581911192,0.04097875074447594,0.026943687276733335,0.02246629967060341
860,0.0547110211625425,0.03559803346641794,0.03394450959396116,0.06540121915427985,0.14357152688639221,0.19966338220339303,0.20586285571906565,0.19955772764504737,0.18816131417926435,0.17504552352901165,0.17289598511290802,0.1396410171016344,0.08094313889003908,0.040562069573232815,0.02659362256190434,0.022219312603543324
861,0.0538771814964483,0.0350932743598865,0.03341939518005737,0.06443437660709606,0.14182955564839567,0.19739099957327458,0.20367883033603512,0.19748848418385023,0.18641959357254173,0.17344960704680748,0.171300199218032,0.13835373108798063,0.08020890857252587,0.04015364056886028,0.026250341654433993,0.02197128495520571
862,0.05376353750943963,0.03507587507556309,0.0333508788119486,0.0644210599940769,0.14219064753342536,0.19825380880138255,0.20475681452860175,0.19863660272832412,0.1877813744836853,0.17474630462934979,0.17252799580923497,0.13921248540672032,0.08058688471425869,0.040214614423478325,0.026203894322406995,0.02196646386190488
863,0.0537415223885286,0.03511638324458285,0.03334336113039171,0.0645340217607944,0.1428186913783845,0.1994725062717667,0.20620110576471365,0.20013675574695558,0.18945810106587097,0.17633223977879556,0.17403605203279376,0.14028384524109633,0.0810851393550495,0.040335523068798854,0.026203673053389918,0.02199500347173203
864,0.05384414675167396,0.035234182978976084,0.03341420608506139,0.06479491182160148,0.1437623055732859,0.20109330635542783,0.20804843648563423,0.20201766379302302,0.1914713969714025,0.17822801995550566,0.17585123751060955,0.1416034188392327,0.08172892574722417,0.0405356563965792,0.02626154941812534,0.022071577625995684
865,0.05420123923171819,0.03551643324525295,0.0336453937540812,0.06537115789043517,0.14540313391262316,0.2036703149117654,0.21087932997709555,0.20484870027108368,0.19437195482584815,0.1809475778941955,0.17847772424959527,0.14356952856308322,0.08274518181432151,0.0409210738519375,0.026441350792213467,0.022248714651660912
866,0.054707124746918065,0.03589585844175807,0.03397083762164194,0.06613059403285401,0.14744812898009382,0.2068050158060422,0.21428665570108155,0.20823615572434,0.19778284408208233,0.1841416809225588,0.18158463198051322,0.1459254770467981,0.08399139245206502,0.04142431659797045,0.026702837387801992,0.02248967823847384
867,0.0553025702265586,0.0363344819566659,0.0343548985911184,0.06701041635668455,0.14977117752589816,0.2103286326367067,0.21810452561684152,0.21202430466291844,0.20157744480145215,0.18769381236571853,0.18504343340750243,0.14856224392003373,0.08540670262807128,0.042011697673582864,0.02701838013289099,0.022773399759768966
868,0.05599774123428298,0.03683993771898843,0.03480294729680671,0.0680244941618834,0.15240968169642397,0.21430590796340507,0.22240362430186775,0.21628465207842446,0.20582249662610203,0.1916654751158993,0.18891328761960072,0.15152127970239754,0.08700875365970465,0.042687696358370886,0.027391405047767745,0.02310114696813668
869,0.05668991921499712,0.037339808596048636,0.03524776262565865,0.0690194473302524,0.15500262910219526,0.21817826725029071,0.22659126827732376,0.22042647960656073,0.20993418842044775,0.19551254862173145,0.1926729200812198,0.15441942952566023,0.08861094211871594,0.04338483005981938,0.027781090539519937,0.02343944530821318
870,0.05735807416047984,0.037819732099056376,0.03567459444561142,0.06996035232129673,0.15747218366491975,0.22182891362276028,0.23054652122040611,0.22433074775108253,0.2137999235570273,0.1991298272654863,0.1962160096442988,0.15717888351381198,0.09017450855364066,0.04408838211163259,0.02817952375659973,0.023781528218218488
871,0.058102881678028746,0.03835100098409124,0.03614960795260101,0.07099632424901106,0.16016565545006806,0.22579693098305142,0.23483972639327735,0.2285653660245381,0.21798157645337465,0.20304208844858554,0.20005211512917803,0.16018399362292257,0.09189790791086645,0.0448778446720358,0.028634704676213523,0.024166624667941505
872,0.05883087423769341,0.03887025936273858,0.03661289073092381,0.07200132010776931,0.16279432215118764,0.22965956913010036,0.23903804087499989,0.2327054507939985,0.2220576948477953,0.20685437035042145,0.20379558835676498,0.16313639326758025,0.09361935142169386,0.04568144691672517,0.029104647005429536,0.024558332668155863
873,0.05958866232634007,0.039409687189618126,0.037094372075184116,0.07303877037026853,0.16550645923520538,0.23363584971801693,0.24337179363127298,0.23697986925201672,0.226265479578225,0.2107885230055087,0.2076509814944854,0.16619332756947966,0.09542808503283595,0.04653809860610636,0.029607140969216874,0.024973648040941043
874,0.06042057411936445,0.03999922646159705,0.037620776776748244,0.07416803687894051,0.16845363325098464,0.23795402460694146,0.24807257239756705,0.24161515992506924,0.23081849522038414,0.215043760077346,0.21182284120758205,0.16950871767065628,0.09740235115688327,0.04747823114874856,0.03016514608290371,0.02542890008602886
875,0.061332000558260394,0.0406411879937098,0.038195126352158174,0.07538748201217718,0.1716288742328678,0.2425846489043449,0.25311876190919846,0.24658680290563748,0.2356857077200922,0.21959211110723637,0.21629619806091277,0.17308230351643164,0.09955075929740685,0.048515037972590234,0.030788579818103505,0.025933590394873005
876,0.062418993409664836,0.04140185519593485,0.038879713971255114,0.0768287605725553,0.17532449966269528,0.24795985369252907,0.2589551712590037,0.25233162293755285,0.24128909046703484,0.22482635415820237,0.22145261562218366,0.1772039879438775,0.10202167896243607,0.04971170837844901,0.031515850513317546,0.026520030177834997
877,0.06369619687081597,0.04229328452856862,0.03968614354848147,0.07852720638142532,0.1796330009560084,0.25422948968168513,0.265737275529578,0.2590055937715598,0.2477869244643703,0.23089419758512772,0.22743172561188527,0.18197148015445105,0.10485877494206111,0.051080197086256315,0.032353155863932316,0.027192944502985483
878,0.06511117866804332,0.043276707054506654,0.04057950181959313,0.08039389380324533,0.18432714862189772,0.2610322377903295,0.27310451260720064,0.26625224592446883,0.2548264730534616,0.23746379622856953,0.23389576108898577,0.18713564711132286,0.10794201181722331,0.0525783862710471,0.03327646149857953,0.027932986342680773
879,0.0667109612583902,0.044384756269469756,0.04158965975148021,0.08249410718365523,0.1895638582614733,0.2685992867804349,0.2812768993384712,0.2742864324905635,0.2626329239033761,0.24474816027889443,0.2410526802125657,0.1928548977708228,0.11135439500360787,0.054239936149315326,0.03430156724204737,0.028757215723219685
880,0.06848253291354922,0.045609192538125044,0.042709731943302486,0.08481768167985138,0.19532680022478285,0.2769113861177175,0.2902352058741339,0.28308983062847154,0.2711893550029864,0.25273159215482466,0.2488882415748646,0.19911726186234904,0.1150877692429536,0.056059814248068766,0.03542469605593267,0.02966445231056371
881,0.07056280243653289,0.047050736252068806,0.04402992984510742,0.08758088866151022,0.2021430105711001,0.2868225646759259,0.3009164032165635,0.2936094282340491,0.2814477228161455,0.2623033448757529,0.2582509984235263,0.20654259401895356,0.11944351876263681,0.05814046582924805,0.03669806414453498,0.030701012820762635
882,0.07299449712549436,0.048740151115323115,0.04558049566289161,0.09086225726267523,0.21021497295493777,0.29863956211868625,0.3136376825573929,0.30615728226933114,0.2937102708565362,0.2737440325955894,0.269414565720321,0.21533331609706302,0.12452397706134175,0.060522671651727124,0.03814931850976271,0.03188795793149828
883,0.07565812402286351,0.05058015651801335,0.04727591867049341,0.09442007834461817,0.21894030847917229,0.3113144785597147,0.32725198979720255,0.3195616671852934,0.30678086156071266,0.28593209628109306,0.28129561898926375,0.2247272958317938,0.12999776031600568,0.06312330328650465,0.03973826392543093,0.03319469545697627
884,0.07854783859771228,0.05256808118792833,0.04911292009689662,0.09824776311558837,0.22829901872007344,0.32482645245961195,0.3417519662606147,0.33381883533261963,0.32065359849782127,0.29886202023772057,0.2938903301523429,0.2347200427003762,0.13586499016154058,0.06594114541985618,0.04146334964038293,0.03461783657628205
885,0.081691050194682,0.05472405061196436,0.05110922162462624,0.1023851556185816,0.2384011597875672,0.3393372239479504,0.35728711222691345,0.34907447219458326,0.33548860975809347,0.31268696382643874,0.3073491043516177,0.24543140687248005,0.1421874071413965,0.06900478404349997,0.04334620480949525,0.03617411973365441
886,0.0851397590018418,0.05708717868349465,0.05329968444753571,0.10690968188906222,0.2494373518638895,0.3551479883878658,0.37419832095526673,0.3656707550560116,0.35161277621695525,0.32771054062063093,0.3219701885206762,0.25709231535542393,0.1490895522066629,0.07236600879085538,0.0454157493742449,0.03788808912928029
887,0.08880980398420693,0.05959861870672155,0.05562846845506491,0.11169765095265964,0.26111485928153605,0.371819273073405,0.39201870277975104,0.3831451022108792,0.3685704998694876,0.3435071887532623,0.3373414543706791,0.2693860355188268,0.15640124654042406,0.07595049384287579,0.04762459841919865,0.03972190083550231
888,0.09266520993255004,0.0622491587980351,0.05807960468051273,0.11677814327049418,0.2735480831730196,0.3896876261268127,0.4111456814799957,0.40193252387689427,0.3868436297327987,0.3605304645752767,0.35388078501897063,0.2825480183034545,0.16415756323645578,0.07969892216559467,0.049912090398200756,0.041633015101979254
889,0.096819010886715,0.06511701388184779,0.06071699250138148,0.12228425638802166,0.28708111560834887,0.40929171029347344,0.432159268840873,0.4226116857457133,0.4070061788105314,0.37931705704925534,0.37210554111853916,0.296967257085011,0.17257000198437059,0.083695003874839,0.05232232639108198,0.04365804857700693
890,0.10130841464134781,0.06820617060241473,0.06355728186827037,0.1281709914312939,0.3015802322682118,0.4301827054550813,0.4545355033650204,0.4445986434979464,0.42839465387649917,0.39923937402740456,0.391442435870236,0.3123376774084526,0.18162218525178883,0.08804779270108806,0.05495014507102626,0.04587189477082835
891,0.10632328149949899,0.0716476321904338,0.06672313335210285,0.13469975410823412,0.3176739494088646,0.453277491123507,0.4792603280231041,0.46886488788680125,0.4519467122102339,0.4211697761326962,0.4127408801086858,0.32932582101732677,0.19169713159603166,0.09293541342062131,0.057902697744533986,0.048364018776283046
892,0.11190054026519647,0.07546531729219298,0.07023696833286001,0.14190096002701985,0.33542578716774835,0.4786266461851483,0.5063785809678458,0.4954464548734125,0.47769600436160026,0.4451393716231645,0.436027989862071,0.3479744534202577,0.20284923778204497,0.09840018495729705,0.06120683381732306,0.05115459011020513
893,0.11889898759753643,0.08024589732355837,0.07464338630597922,0.15088653440294106,0.3575306724544914,0.5100702500811687,0.5399710438276608,0.5283390399100816,0.5095047263088678,0.4747524625573923,0.4648622264797138,0.37112771982070364,0.21672128777039948,0.10524286435013762,0.06537314774478935,0.05466425149558875
894,0.12432115467397255,0.08391555499838432,0.07804434094941826,0.15765335765640234,0.37432410591074067,0.5333243954976622,0.5647721997619166,0.5524670183949638,0.5326444766064274,0.49626865129695424,0.4858564944315731,0.38836398143575934,0.22750155012129522,0.11084496041621605,0.0688204765458847,0.057571747479544556
895,0.13002785680977727,0.08779382974691023,0.081625631447553,0.16480095166636083,0.39214209685295437,0.5581043502082009,0.5912459103331328,0.5782584981674778,0.5574441216314361,0.5193634013111088,0.5084222787539018,0.4068564057878185,0.23900423979388766,0.11678370813206129,0.07247103465819496,0.06064611652098912
896,0.1360161945524721,0.0918927416059887,0.08539885407922806,0.17242236092611815,0.4112028508170624,0.5848979185476699,0.6199587806196567,0.6063195051927843,0.5845773163408532,0.5446747591818816,0.5331517990071006,0.42699243697357553,0.2513696433894178,0.12306478448005821,0.07632035497902377,0.06387672686462663
897,0.14203866039991095,0.09601574641003806,0.08918537921428131,0.18003312654660217,0.430296600105586,0.6116724837717941,0.6486887202045182,0.6343872565958009,0.6117083982997948,0.5700074011027547,0.5579707023747947,0.44731313888587465,0.2639575263791422,0.12952444548695244,0.08028803583783883,0.06719382962247826
898,0.14816525875487838,0.10020675328009279,0.09303204398228056,0.1877204045205352,0.4496138311114919,0.638613472585608,0.6775905485290943,0.6625932358391375,0.6389554493325704,0.595463206533168,0.5829471465461081,0.46786128318386283,0.27679951189994817,0.1361871715629864,0.08439543819096278,0.07061538256649717
899,0.1543525862707611,0.10444670931246947,0.0969187074983243,0.19548842922137868,0.4691956783286254,0.6658993760309906,0.7068836100796554,0.6911795450521042,0.6665669578116129,0.621275368883549,0.6083216191701857,0.48877509568566374,0.28991392339880157,0.14301371567216847,0.08859564264951457,0.07411371615035023
900,0.15975417725504876,0.10816181791752959,0.10030820624212668,0.20222978009093953,0.48635654107056325,0.6897137168203439,0.7325526070729081,0.7162251467348791,0.6907624118180787,0.6439164125549723,0.6306105452760156,0.5072773271775597,0.30168577797862134,0.14921597178636148,0.09239007751005245,0.07727933111969573
901,0.16653771897888095,0.11285713954930543,0.1045796753714967,0.2108962112387027,0.5082222514876256,0.7206865502770857,0.7659467511829072,0.7489512852454416,0.7224911244790876,0.6735943363731037,0.6597743671180589,0.5310569381828307,0.3163223966838424,0.156636042521963,0.09687876563404123,0.08103457546803838
902,0.17380657655121468,0.11793073852771029,0.10917599094006748,0.22040548072202779,0.5322708230383536,0.75530948067639,0.803390065669581,0.7857908745406478,0.7583835700975864,0.7071558002244274,0.6926556746740451,0.5575276785688662,0.33225910535696,0.1644685587056561,0.10155342981033755,0.08496028487083354
903,0.18176474181927915,0.1234984592946213,0.11421083642510764,0.23092833268518526,0.5589172118821547,0.7939727899569594,0.8452645766280641,0.827063558413751,0.7986568702363002,0.7447924754544927,0.7294650809734387,0.5869493667349681,0.34976715331907016,0.1729249343396597,0.10655612868309358,0.08917687363522678
904,0.1902702574809934,0.12942454817831667,0.11958185590525058,0.24210490902312035,0.5872211281197711,0.8348364972864927,0.8894791405629283,0.8705841800749893,0.8410329769654449,0.7843611925402781,0.7681288425537787,0.6179084953395692,0.3682834423793143,0.1819316994316458,0.11188724728032996,0.09368818071951475
905,0.19965211370306082,0.13594680653165728,0.12550279145008453,0.2544146131492328,0.6183828713874391,0.8797641332478504,0.9380663379867785,0.9183830510649257,0.8875228712942251,0.8277474619104136,0.8105017835789893,0.6518465678665442,0.38861344569457806,0.1918393755464162,0.11775391915008575,0.09865991740363304
906,0.20970702581325895,0.14292114895423375,0.13183732513737464,0.2675257289515035,0.6515777705940958,0.9274640482248547,0.9896302431760498,0.9690661387815324,0.93674556098631,0.8736631817352775,0.8553375265250257,0.6878301449705759,0.41025546010119535,0.20244822267328086,0.12405471114867136,0.10400239104365028
907,0.22054636791082366,0.15043185806228263,0.1386601198688108,0.28160473478679443,0.6872291872231082,0.9785885130820263,1.0449016172361942,1.023367379929758,0.9894327229890872,0.9227947237013723,0.9033080698011743,0.726383437246633,0.4334954724976602,0.2138788476983921,0.1308440678720087,0.10977528889101709
908,0.23261424888031407,0.1587897553488022,0.14624770584695007,0.2972348077263242,0.7267724842443256,1.0352769367766865,1.1061257469830577,1.083506210148958,1.0477989187685515,0.9772129328822692,0.9563978514849752,0.7690437675864814,0.45920185380418843,0.22651672161945108,0.13835940826226892,0.11616560182996441
909,0.2456790438648438,0.16788407915945364,0.1544641794301112,0.3143148178013299,0.7701376522090868,1.0980495052998387,1.1741001891449352,1.1504370414685192,1.1129385437993082,1.0379500564501671,1.0155566990379157,0.816210921540135,0.48717931320723956,0.23998632400759692,0.14632012547781414,0.12296023854696614
910,0.2599821640672287,0.1778768330015217,0.16342763688901737,0.3330372005927659,0.8180537151981427,1.1679155400493724,1.249893242356068,1.2251739248879727,1.1857787366664394,1.1058532409338764,1.0816211466623957,0.8685928151161144,0.5178799627840688,0.25452188086741706,0.15486000734277436,0.1303068321385581
911,0.27541590148004097,0.18861074746902368,0.17300517742842203,0.35274793828388545,0.8687579344150436,1.2413212913956417,1.3294582818645202,1.3034451653350385,1.2616883502331413,1.1765701243379485,1.1505965092507853,0.9235938560770072,0.5503706973239397,0.27010837934254334,0.1640681749437525,0.13828174417670067
912,0.29190024958916183,0.20004520251833519,0.1831432615212439,0.37335364926080467,0.9220602893853668,1.3181257992946485,1.412691185870894,1.385202250556696,1.3408116112280237,1.250244160629206,1.2224705787666608,0.9811587490842483,0.5846229604374977,0.2866914497507033,0.17386482641326698,0.1468389600253691
913,0.30963872564435796,0.21233421165015898,0.19397395498734632,0.3951518352166334,0.9788612327294166,1.3997131992005702,1.5011930235538915,1.4720245383526032,1.4245606129791537,1.328185992154301,1.2986687848996163,1.0424385687474569,0.6212635189153194,0.30455463221265483,0.18441441250089546,0.15613738662036017
914,0.32878754674181565,0.2256024063993079,0.20556674019462662,0.41826062611757414,1.039600631214853,1.4868516684416266,1.595751050274495,1.5647197061100866,1.5139081028412744,1.4113065909789708,1.3799293031165039,1.1079770400613467,0.6605547717962119,0.3237670055998803,0.19574861467344817,0.16620487285425561
915,0.3491403040581125,0.2397134977207835,0.21777963244520443,0.44240851712155355,1.1037113702488048,1.5788315751727038,1.6956172230056836,1.6625739789243588,1.6081826176414324,1.4989758764646208,1.4656261718186474,1.177210898652837,0.7020747910333479,0.3440725215875448,0.2077105277791296,0.17693010266715906
916,0.3709290524911921,0.25490082653362023,0.23075713722313854,0.46815240200833486,1.1730114942261676,1.6791457068777942,1.8044976366238967,1.7694109605056707,1.711499571663548,1.5950646827493205,1.5594383992413765,1.2525690005129166,0.7466496443162863,0.3654733980205752,0.22025919386747514,0.18826476810649442
917,0.39397549644802765,0.2709893259691723,0.24433850850774824,0.4949410356000174,1.2460629917363153,1.7851687595243024,1.9194718960513586,1.8822049656513886,1.8206913236868527,1.6965959316564425,1.658536597319783,1.332112431024143,0.793498936913368,0.387830202828809,0.23334103090201097,0.20018442731614933
918,0.41864622447064903,0.28820066769029445,0.25877569548590273,0.5232575940857974,1.3239483676937067,1.898101283390653,2.041930200344463,2.002271693279389,1.936995950702632,1.8047195147238588,1.7639839090568006,1.4169209330744448,0.8436241575030051,0.4118262886773404,0.24737906155723977,0.21304256240825584
919,0.44497057023129727,0.30655997699640075,0.2740853341466781,0.553159622306079,1.4069268251150788,2.018336696859998,2.17232686988947,2.130070108279012,2.0608891222275685,1.9198809556650562,1.8761901703263513,1.507289924365198,0.8971293008068771,0.4374976258296946,0.26242010567732776,0.2268775772954541
920,0.47328328445421775,0.3262913078724523,0.2904450648748025,0.5848960203407582,1.4955368465910266,2.1465043861301507,2.3111843092223614,2.266075011788676,2.1929022516326637,2.042608127715669,1.995758655235477,1.6038047067187498,0.9545129331123202,0.4651560757847619,0.278668343373803,0.24179761685530007
921,0.5040200879315567,0.3477102062227329,0.30813176532579484,0.6190536880988345,1.5913573696265562,2.284918432508545,2.4610183686610463,2.4127358275233877,2.3352270396592627,2.1749269768364945,2.124827779756223,1.708193112864787,1.0167942351395791,0.49527094563836727,0.29634257755729515,0.2580632875122189
922,0.5374260402492966,0.3709930576021309,0.32731564402742414,0.6559955742008502,1.6952152578653892,2.43485599327531,2.623409129577859,2.571686488346001,2.489655686079329,2.3185139607324214,2.264816981510324,1.8215291773888436,1.0845694956094252,0.5281088839665244,0.31560123565148906,0.2757874097912593
923,0.5736771307035399,0.396399415828325,0.3481414845285014,0.6964631320229923,1.8093819512453462,2.6012407595683595,2.804121373250382,2.7490116574928316,2.6625443955604817,2.4792996332434996,2.4212739167274515,1.9473286904129574,1.1589306008289506,0.5634698996552417,0.33616908695291514,0.2947516608705233
924,0.6146623199695439,0.42528868189505636,0.37182502709245974,0.7432779592070021,1.941441750413235,2.795601973563732,3.0154636523745597,2.9568933606762067,2.865945443045348,2.668580547342052,2.6054344737266155,2.0942228068576827,1.244659019957258,0.6034236637291802,0.3592640451630749,0.31595067346435307
925,0.652430693826318,0.4515976510582342,0.39344235475229133,0.7845820479487884,2.059105293547223,2.964351748172963,3.198314332964011,3.135506333558234,3.039248233748367,2.8296816888318324,2.7628275739992074,2.222583203384732,1.3227118648133651,0.6418939401203586,0.3818939173929071,0.3367013099514874
926,0.6938875148597228,0.48043232855291407,0.41715252769478994,0.8297926913894896,2.1877974231179644,3.1485028565252184,3.3978335808637246,3.330281662074932,3.2279738465263756,3.0051597532942003,2.9346908810239256,2.3631915399762096,1.408775239527131,0.6846117656258295,0.4070648167238947,0.3596439473218587
927,0.7371256946891143,0.5104924619268526,0.4418703265442413,0.8768322728600262,2.3216152245274446,3.339647505258264,3.605050467064887,3.5325064009043023,3.4237803058354723,3.187248108708965,3.1132160046490753,2.5096983882753454,1.4990095299531927,0.7296869741428184,0.43369385505775426,0.38379541986140403
928,0.7810416254778829,0.5410623808025515,0.4670194431091659,0.9246018828427103,2.457262144545114,3.5332803958340913,3.815443870108928,3.737872651408647,3.622410303876677,3.37201484452141,3.294791757677168,2.659173734110612,1.5916353883362067,0.7762378121930981,0.4612658506592067,0.4086008797514426
929,0.8260716508050662,0.5724188264471844,0.49280653739489416,0.9735850199914629,2.596496943549677,3.732099173921597,4.031833816169508,3.9491410442211157,3.826559897019511,3.5619247830945824,3.4816857689604928,2.8131930401164675,1.6873443289198673,0.8244535673962413,0.4899122285618692,0.43421733674280666
930,0.8736295175591035,0.605716666349638,0.5201068528705426,1.0261136255103338,2.7460280288375674,3.948036817373317,4.267680436598831,4.1801179385739875,4.0504474547971245,3.770349769753271,3.686992289594595,2.981075589008729,1.7903152068363073,0.8753694423417723,0.5200132174206503,0.4609888690324624
931,0.9229518755499677,0.6403545471319896,0.5483688932576375,1.0807639795556108,2.9023626436230967,4.175453800261623,4.517036213743787,4.424876708156392,4.288392927601568,3.991959756542201,3.905193244027292,3.1587355536895694,1.8985553715309444,0.928306154045848,0.5511978274230387,0.488636354326705
932,0.9801806109156003,0.6807207458124529,0.5813102900439324,1.1455196692129124,3.0864128346615223,4.446392885020032,4.8146287051001435,4.717941438161298,4.574494712348367,4.258534013301479,4.166944125383452,3.369548888078498,2.024744188068845,0.9885657766092534,0.5864783869523568,0.5197863657983491
933,1.040863664722305,0.7234879679225352,0.6162652293262779,1.214191220637336,3.2817285803799416,4.733506938589146,5.130352139631993,5.028836276003858,4.877885640915857,4.541126738598645,4.444036350385431,3.592902896552135,2.1590743230145955,1.052998546145318,0.6242521478160857,0.5530578604599603
934,1.107565339113145,0.7704491856534982,0.6547244060275261,1.2896234123924972,3.4962703916067506,5.048205212120332,5.476467914371044,5.369569009908446,5.210552414642734,4.85096174687195,4.74749508059462,3.837764815094488,2.3068009674596914,1.1241667129882313,0.6660682601418557,0.5898746605688368
935,1.1815890880009516,0.8225180857007217,0.6973692509371696,1.3730584866051296,3.7338946857993767,5.396011193890445,5.859021266539328,5.746025050581271,5.57802762362605,5.193168732277887,5.08246413568382,4.108352004587557,2.4704474925095252,1.203304255383955,0.7127183936635058,0.6309492922858096
936,1.261347333980666,0.8786846093628681,0.7434062089050713,1.4632146497559526,3.9904787418755796,5.771509632223959,6.272037791893256,6.152512818561912,5.975131841247536,5.563033308692476,5.444483198441178,4.400768814285714,2.6473815117372266,1.2889134118092573,0.7632402292988445,0.6753203595504341
937,1.3488562022118589,0.9406723013494879,0.7941401065420776,1.5639060028749685,4.277295823766118,6.194900369283589,6.738462684969688,6.612662748725207,6.4264489984213595,5.983575420851723,5.8552494265916595,4.730054416669581,2.843788925136713,1.382162730112993,0.8181439761726453,0.7234106516354066
938,1.4481406824189824,1.011335628411741,0.8519036252764636,1.6799694362317885,4.6077995846441935,6.686777627931276,7.281418185242468,7.149491161489485,6.954390665167011,6.47555202426208,6.334419480742716,5.111440197103418,3.068405545088613,1.4868380673589334,0.8795750581967435,0.7771568174389358
939,1.5589130077197686,1.0899279095579655,0.916286590621894,1.8085223774178303,4.973427921752383,7.22795820313695,7.878316372800327,7.738885573924823,7.532874705609304,7.014503690908896,6.859501826186325,5.530828542176096,3.31733533917616,1.6041325798222326,0.9486279316400734,0.8375654696890577
940,1.6806992010731068,1.1761276865124404,0.9870596982764255,1.9490465873563412,5.372584821570594,7.815777791345421,8.526209759357048,8.377918991269585,8.159286406140122,7.598118820336822,7.428603342595254,5.986789333599518,3.5896474129072624,1.7337227118533909,1.025306613450019,0.9045123154885134
941,1.81426634757502,1.2705052083542145,1.064716509097447,2.1024376723362366,5.807518732574993,8.453232399547622,9.228454760747159,9.069835984404822,8.836412029271742,8.228948865714171,8.044273282290826,6.481720677946994,3.8872721978138673,1.8767330436990701,1.1102381969503117,0.9785394374161375
942,1.9617824646733684,1.3746991061120102,1.150608090647438,2.2716092406112045,6.286329133853412,9.152414953050279,9.998184486706512,9.827756876299516,9.577784366811102,8.91971386968362,8.718593852521735,7.025323829385733,4.216065480485278,2.035967200271833,1.2051131092599203,1.060931474287632
943,2.121638159585408,1.487577883214856,1.2437288076408939,2.4544093089877737,6.803646481631794,9.905451135285277,10.827223566043228,10.643602140885507,10.375059545354556,9.662540118479228,9.443941353137363,7.611703464755919,4.572653358070576,2.209873561124758,1.308984704660036,1.1509768479644273
944,2.2976652894893568,1.6126180236730892,1.3465211493021343,2.658628106659827,7.383397427111049,10.75719800013342,11.766630759335385,11.570393726815382,11.284542223093533,10.510417944254316,10.270674930420293,8.275375073671446,4.971270780377121,2.400664124801941,1.4222403654994846,1.2490095317997916
945,2.492749460379855,1.7516420466729739,1.4605079683762077,2.886604490333931,8.032378313981358,11.71570841969151,12.825390215644543,12.61636224902395,12.312554588337662,11.469199714805914,11.205964829025366,9.023266396872973,5.417384814102791,2.611874587575585,1.5471447706584383,1.357008771305183
946,2.702684727420222,1.9008588306418719,1.582943197851169,3.1298255789474103,8.726176353319065,12.734440664674496,13.949548044388523,13.725379006962092,13.400896196876731,12.484112587395689,12.196401972210879,9.819067555027036,5.897111378751496,2.8421129368021605,1.6839759982318745,1.474973284079884
947,2.935660950409978,2.0661279656014813,1.7185805902939006,3.3982457674880737,9.493190236090802,13.856535994256514,15.186883749937676,14.94491362955471,14.596320257445248,13.598876066003868,13.285064738146891,10.696572092608092,6.429675413324601,3.0999007712866193,1.8377441667743628,1.6071824750627977
948,3.1912927221455902,2.2473203487799247,1.8673575955908746,3.6919581950449873,10.333385820810301,15.082552182785419,16.539008695493457,16.27687306149684,15.900994482220474,14.815594051253616,14.474068059171518,11.65752042672128,7.016036432226299,3.385595430356781,2.008650643375794,1.7537689361836653
949,3.466157770410843,2.4420250933617353,2.027160433287333,4.005999901499308,11.232782575711358,16.39138458186426,17.983834539126423,17.699520325833355,17.293470833557617,16.11429330786164,15.744100318127105,12.687261233510071,7.648189213477833,3.6958370149300857,2.194755475409628,1.9130337759968694
950,3.7624319457616884,2.6519416165392613,2.1994052370578823,4.34401743626274,12.20111121185307,17.799490032146423,19.539922010217975,19.23189837188277,18.79395300399795,17.51406153784358,17.11343546819444,13.799118724396196,8.332700589414864,4.032813710322183,2.3972372545940095,2.0859204071697213
951,4.092584439341018,2.887463334585586,2.391982448008743,4.727731336639928,13.301470582961233,19.41955223256186,21.337717598224636,21.008498481190536,20.54125489161015,19.145205231220253,18.70673118089248,15.081189964758389,9.108904765849989,4.405781098302863,2.6198253318161084,2.275612608576726
952,4.46563774068896,3.1550540425674365,2.610340379351068,5.169280372294971,14.570197607174382,21.307167552794585,23.439305256442044,23.091379922075117,22.598902677286656,21.067261147826816,20.58069925820746,16.577274740063462,10.001863146978653,4.8258075666279705,2.8690503258019686,2.487600044121661
953,4.879939688833214,3.451125333434902,2.852521538502645,5.655566272341924,15.967165228222646,23.374666594585765,25.743727010254847,25.372839429754613,24.847860204751278,23.167598042743652,22.629878869466534,18.22030977448646,10.991658867830015,5.297441886413383,3.1502579597109355,2.726463007150934
954,5.334647590715447,3.7750517401577133,3.1182224381503016,6.185151986138018,17.487306484072697,25.611282421756187,28.238808930716914,27.84028302840982,27.275886623456504,25.434922226165195,24.84303709566484,20.0033738309082,12.077020416422004,5.821746869142511,3.4643241192298513,2.992699653039186
955,5.848713124029538,4.140899006740385,3.4187242741183064,6.781941426489668,19.19962026749272,28.123496375285736,31.043922056051606,30.613185357934917,30.002535459944088,27.981323502861155,27.32946754376722,22.012154851682812,13.306750548228203,6.4200098361954065,3.8235915370820033,3.2966854104450767
956,6.446950380714043,4.56818686744061,3.76909325433579,7.469559532672845,21.156134328471257,30.98580959386527,34.24195646266266,33.77389854570564,33.10983993912201,30.884175820320316,30.165344895602434,24.30872826761983,14.718379590061627,7.110160937187954,4.238422361086383,3.6470441051433227
957,7.160932812429435,5.08473009962784,4.188542766169641,8.260930078431036,23.343914261676087,34.1640580927238,37.792086626617674,37.27997670381852,36.54941624138155,34.09899342376853,33.31048706752257,26.864815143977467,16.298184647785742,7.887621883707652,4.705287034260762,4.040596132711341
958,8.147875608933775,5.824375990078157,4.775737028487908,9.280370141110845,25.93713891301117,37.903258247763006,41.966566074292395,41.405973594560884,40.59200292795348,37.88314002623,37.01661810702275,29.87145180366029,18.145225854948745,8.786999713509172,5.2375909619685705,4.489354854740538
959,9.677530957701103,7.016302145290995,5.703646430810165,10.73463787772094,29.23102644996886,42.57182438248544,47.164167554200375,46.54164272550198,45.603979812502594,42.582501048400964,41.627511998593036,33.61667138698197,20.442010150007004,9.899882839161885,5.883669678079968,5.0351689579510355
960,11.258015137501,8.259311240024024,6.66871593849802,12.155390677739758,32.25864696231137,46.7264231433884,51.770928231389654,51.06913765389514,49.97821089292951,46.68440113402695,45.66995233054565,36.96444556543273,22.563847625895896,10.97346799832251,6.510806868159956,5.564173472751528
961,13.58223883662062,10.148634486252247,8.124539449928436,14.158106261697997,36.14821682619576,51.97036410960417,57.56856072234483,56.764828088219346,55.45762672549193,51.826960652059434,50.74604708644905,41.183125374237406,25.243111531490285,12.330560373141063,7.290668910826104,6.2232972895169825
962,16.67315116870564,12.738334005263043,10.1158107170647,16.765888093518566,40.870202857355515,58.242435987471254,64.48904319717258,63.56246867718801,61.9725879724018,57.94194882679325,56.78924983865649,46.22287400988249,28.453041267042472,13.960683173417237,8.215989274798565,7.005949708235611
963,20.524215057742758,16.050116472668638,12.665689690291142,19.99431982865021,46.427609292608395,65.54856308085384,72.54179503843365,71.47545306177562,69.5390779465093,65.04100905163016,63.80809284777518,52.0876361150266,32.19302336686879,15.862036898855617,9.285616264433429,7.910140582326611
964,25.196429681161785,20.156792308027175,15.844789149876826,23.947091984056897,53.054627954658955,74.21849188582564,82.09361887892581,80.86699083220446,78.5117000685246,73.44987353410293,72.11304406840956,59.023206096672894,36.612723501824156,18.107646793049234,10.544123537123271,8.974680555903108
965,31.05771114531412,25.467082025474934,19.979978855535073,29.011242097573163,61.343053857656614,85.1075868379334,94.10504271621176,92.70835619243735,89.8556217890291,84.07294909237369,82.58086857828961,67.70453872088494,42.079635822392966,20.840890949019272,12.06205324547318,10.2598912591671
966,38.14885538607632,32.05096845701337,25.147144678449486,35.28404466908874,71.50660948310853,98.51912854452738,108.91915987107703,107.34339152838116,103.90835042033099,97.22092376628954,95.50982054103171,78.37058110998078,48.742622812416684,24.133882367989695,13.88415664982553,11.80278733987591
967,46.585766551534626,39.87543430525329,31.330897350149048,42.87347366711089,84.08199323686495,115.1877229837628,127.33713534614382,125.54302376685571,121.40782558282704,113.5840478115975,111.58577940898509,91.61473881635928,57.01158872127534,28.221842978526574,16.161863058651306,13.731281579882502
968,55.976175169950565,48.63322482378031,38.317670624278044,51.47849786692469,98.4944077160409,134.25619920640278,148.40459376094856,146.35081125745168,141.40873179930765,132.27464213582476,129.94458493303577,106.77769440778164,66.53481920377219,32.9687184729229,18.83014485987912,15.986833795440491
969,66.48799564438143,58.44077915344159,46.205321614330124,61.258778377434545,115.08021049691108,156.16574828570967,172.60643729392385,170.24032207567558,164.37095972825514,153.7348351393687,151.0327991851939,124.2523662287796,77.57829507060511,38.5171798486985,21.97504183009895,18.63896129468315
970,78.40714387742264,69.5045302197676,55.16279749125014,72.46598943538162,134.2978173054024,181.519075672097,200.60434915285234,197.86373477228958,190.93914014083566,178.5852105899035,175.46570626168977,144.5693649074918,90.49253574554106,45.04489714935231,25.693937204519703,21.767780333767664
971,91.7319655314872,81.7738047397553,65.15643043975433,85.08966740451226,156.12772864612114,210.27139248745047,232.34219755509184,229.16096550154438,221.05754481272587,206.7942588137126,203.2464411881691,167.75882341826062,105.30438451386856,52.56928899060339,29.99648406144336,25.380069944037846
972,107.50070671825259,96.28412087905495,77.04060641372156,100.22078949436867,182.19849155101318,244.75350948293686,270.4249257096152,266.7648888542114,257.3590537180909,240.8774380596837,236.84881572208855,195.74787110756864,123.0595340835059,61.47204152469931,35.04837805286674,29.620800919266003
973,126.14282567366406,113.38067561170517,91.12019142069143,118.26110754707562,213.20680139788706,285.7647975425628,315.70444145163805,311.48696543666455,300.6021178841048,281.57859129188677,277.04307506987345,229.2629220345425,144.2853491360251,72.05467113834986,41.03043074032238,34.643020222148024
974,146.82743863080472,132.10622512046808,106.6465139908001,138.33146731356933,247.95178061453876,331.37336171763934,365.98799423378193,361.05818740554656,348.4649848335227,326.7129646049907,321.73668604042643,266.83673909352103,168.36179333721404,84.22246919154661,47.95319981999098,40.45082334706922
975,170.48985540556558,153.31227836240473,124.34040287986603,161.3815553651423,287.9565961302537,383.5456978618531,423.41548914426573,417.5907467543096,403.0337551093263,378.31278580154475,372.98841367605564,310.2299969266291,196.38663353782223,98.49963460220754,56.10992141759932,47.28730215602231
976,197.0308202215708,176.8274540143684,144.07650666708702,187.2712986307727,332.9453759298943,441.7804227013543,487.45921010300145,480.5453279557805,463.7764951968108,435.94592412630715,430.4534270813097,359.29780019584905,228.36091722109708,114.92709389754302,65.51067432663402,55.16328704328881
977,226.80879253866883,202.90731035413097,166.08357530595458,216.32713304993118,383.3809936070876,506.54452360842436,558.5911109679322,550.3605894767358,531.1112658113312,500.10706489008277,494.74048370078316,414.7033523065711,264.7596030013868,133.74906748843608,76.27466662478466,64.19170419776219
978,259.6756644854348,231.37768931730741,190.26802112819183,248.46887234107894,439.0344287473376,577.3581529982969,636.2253342313571,626.4183710504169,604.4241582560488,570.316847607127,565.536408382932,476.3622958575857,305.6305814214923,155.0280980728742,88.43175655094203,74.39996824165986
979,297.2336761783653,263.72501969689984,217.95229021997253,285.4545295953966,502.2517695387547,657.2066827651158,723.5237364877883,711.8573208325049,686.9775502433897,649.9691110638263,646.3575175492832,547.3400645604748,352.70363731291087,179.37723764603,102.21698707367743,86.01899270718552
980,339.14488648499383,299.4074306410174,248.7918619537356,326.9399618080383,572.4656596344009,744.766909482141,818.9440350772794,805.0261383379022,777.0013655336916,737.5749667463091,736.0515618788252,627.1667541528574,405.9918128352939,206.9872519646403,117.7839276423014,99.19032170322855
981,383.6944431758888,336.82291056526134,281.4530062853415,371.1627713498669,646.8839570543563,835.9857097327143,917.9172776780558,901.3356591599606,869.9735540108351,828.8403214272543,830.3634533955972,712.5760900891788,463.84423481132086,237.3342816633788,134.9376618170536,113.73243187343971
982,430.6007455723972,375.6998279587632,315.8003835614171,417.9454795980242,724.8975837407068,929.4888025214148,1018.7868245300613,999.0509432649134,964.1771581190385,922.4384624566966,928.3049302809928,803.2891669742068,526.3869570859307,270.59185145147393,153.7725558031625,129.73844305796814
983,479.9827523029188,416.12381405291774,351.9614868097061,467.4015206279167,806.3133870646052,1024.5155563100748,1120.499845538796,1097.0299917040809,1058.4830256254697,1017.6000009342976,1029.4632680344278,899.4919435118221,593.8444096743899,306.9076668172029,174.42308081564326,147.3776650207874
984,531.6994181934076,457.75357973693826,389.82111752344696,519.4722263824104,890.5791787078155,1119.6097165521799,1221.232682062683,1193.3339740818778,1150.9614688180263,1112.8754601725584,1132.8490453411735,1001.1352847016509,666.5823361327433,346.607113142831,197.0971335684687,166.8492503067592
985,583.4245076619611,498.6354969830271,427.70065915310363,571.8205580940527,973.688003111784,1209.3157535532903,1314.7913097993276,1281.8338032271936,1235.7559809714087,1202.7267215920765,1232.9268022301274,1103.7111774406133,741.8001801454981,388.38169354096124,221.1517418633487,187.60859069341703
986,635.5655009957258,539.1422580716504,466.26328284143113,625.126012621238,1054.9739162557635,1291.5230285381965,1398.6157598885486,1359.7700506495519,1310.0698832620214,1285.4727771123846,1329.1522956562699,1208.131106884039,820.0751391548927,432.2219502636912,246.4945128839949,209.59661990151224
987,687.1731932441113,578.6010475055264,505.06277939924985,678.6307476438612,1132.5019094101942,1362.8758527677803,1468.5873928719634,1422.952383359336,1369.8306763774885,1357.5296852827705,1418.2578273249844,1312.4697487022797,900.749562369936,478.00937498910895,273.0759168609272,232.8189541642631
988,733.8493799254918,613.365015248042,540.6271539675201,727.6540110853769,1199.7534761104394,1416.4254253567062,1517.6602267591868,1464.848883421467,1408.7072898512092,1411.678658329912,1491.9290461510095,1408.2781040307138,978.5814754806971,523.5921398982676,299.8484511829859,256.37951396084026
989,773.5844838740413,641.9911217765574,571.7047587531409,770.2541582962289,1253.1488997561803,1447.5662782220886,1540.8455882125138,1480.6155984556349,1421.9624604353958,1443.29226518889,1545.3686115077714,1491.593178802585,1051.2537614210182,567.9301545073774,326.31981031277803,279.8428867024696
990,803.1068265751035,662.008189478054,595.9672509027556,803.1066884624722,1287.5615675473975,1451.001599270757,1532.7818030295987,1465.2823256936765,1404.7956009218833,1447.0112949316567,1572.5489653402049,1556.307090110707,1114.654559364982,608.9674387792456,351.2871301776577,302.1321524916397
991,819.8498630617988,671.7195158979074,611.636272276878,823.4689079346723,1298.8341900585292,1423.0767799208302,1489.9991056824292,1415.8180170776573,1354.3489211638682,1419.1835452880841,1568.7972494507235,1597.055001505186,1164.883043401593,644.59673700789,373.5003412170284,322.1879042399596
992,823.2600272361503,671.0009364483064,618.236219183693,830.6397558736987,1286.798195358719,1366.1686711916866,1415.9921393396912,1336.1941964852438,1274.5673616601812,1362.2859029052456,1535.0871377958808,1612.283986397911,1200.0587660254325,673.556679954381,392.0798115754673,339.28370468517096
993,809.582274313013,656.7016754811838,612.7797785757612,820.5059790872131,1246.5201190172095,1275.3680948578901,1305.7960023919452,1221.7191124466865,1160.6454179424452,1270.3985839934164,1464.235836267069,1594.6201342322627,1215.5434188154036,693.8230338274914,405.9805425849351,352.4463906778657
994,776.8772346247725,627.3888697247193,593.387070796217,790.8635532575115,1176.6099754423817,1153.125000822832,1163.423100674417,1077.1340072137848,1017.5773050134324,1146.3898233398472,1356.7472226013717,1540.2777517436427,1206.8818942183939,702.4975072574404,413.5490605167787,360.1428423292194
995,726.4130148446171,584.6281801470307,560.1122170411634,742.7204915471874,1082.166831244221,1013.528820999054,1006.1232946412908,920.5577438075145,863.9596385085066,1005.5180704750476,1224.21829940029,1450.2722239792492,1168.1940532377837,693.4169950039928,410.8103106798926,358.79122185964087
996,664.7452059286526,533.6298517613385,518.1732823197381,682.5735039143213,971.7027845300618,863.6445799577705,840.5474598224662,757.8508252175836,705.0245504067601,854.5071230671955,1075.7188805764215,1337.2093392193035,1110.7599129955768,673.6664981156371,401.7860821790933,351.9229517039529
997,594.9587229051015,476.7763504692942,469.4905806828007,613.4630471052836,851.3123757218085,712.1188365432588,676.2639240854385,598.4232789980815,550.0345876589854,701.9821766998866,919.2948187870342,1206.3892842054443,1036.7193207946584,643.6708517160506,386.60663093259103,339.563311781951
998,520.023437581618,416.37460145714533,416.0418080624045,538.4467313982392,726.7273453037061,566.2501767203139,521.1682735542365,449.8942757210025,406.44173548172694,555.2819194916572,762.3971288272733,1063.5001389915196,948.6870174602003,604.1806428179498,365.6537844509409,321.98181074793655
999,444.62581411093976,356.12138421701246,361.3468187483616,462.38260119272206,605.155383420841,433.23131702127495,382.4972486705145,318.8847631902276,280.55832778971256,421.7038418736806,613.7208087417332,917.6692459915212,852.6863567839131,558.0561053261764,340.5003718732784,300.51273405635584
1000,370.28907994778484,296.8004030959294,306.128905537017,386.67417449448214,489.5019489258848,315.86976537337097,263.04754960601923,207.9473600666284,174.86538742342964,303.92820428584463,476.29554933398947,771.8793362362537,751.0060042688076,506.77435085491925,312.042902466933,275.92927914949894
1001,300.6086319240317,241.26171329181412,253.2136254581123,315.03197965028085,384.4551521501926,217.4113759895242,165.5495062876237,119.20255592545436,91.2689928081371,205.31602919775054,355.2917772618727,633.0984696269962,648.636249181762,452.6767215482713,281.4174894462797,249.17622079726127
1002,242.69296533923054,195.39116785160564,209.13581226601465,255.23489681170966,297.75181119757013,139.55967718453965,89.63285575644424,50.909987384744454,27.309691171897743,127.36657290776306,257.04801600665604,516.2808962039459,560.4089924666217,405.1595343346154,254.06743113467408,225.10550025689813
1003,192.10083357443935,155.37819491959817,169.86692874610267,202.7223851336343,224.62357900686973,80.04150104161818,33.828285908853495,2.2105385485951308,-17.388376699888404,68.08449254090374,177.42370215318806,412.81675238138683,477.14103585572127,357.91152227218015,226.3281180372456,200.52430226662077
1004,149.49182490806925,121.71729457026647,136.1264030820925,158.30477678038525,165.30434396128734,37.22266558001346,-4.1301555338161835,-29.392928721026692,-45.39930099109915,25.860203815757163,115.9010187710571,324.4928164866204,401.3085472458333,312.71262306390105,199.33058701452995,176.50931810191574
1005,114.76305565628978,94.2869485914811,108.0332538514953,121.96003851619545,118.90824631582862,8.518132454877819,-27.43223968946612,-47.23028346859168,-60.10508624708642,-1.9884772306010876,70.5595519474269,251.4596140332838,334.2660101682278,270.80301165474833,173.87027073981724,153.79972229202835
1006,87.17183397030905,72.41196642394996,85.13108155281017,92.91937491969085,83.62564783769527,-9.490970341322411,-40.07150044161556,-55.358317297473796,-65.5982419545045,-19.035038175459444,38.362739055945504,192.60501642142066,276.4525824347017,232.9459154164802,150.51853839893764,132.8926161263545
1007,65.31278109747862,54.948570216238814,66.33273271076177,69.77454764481081,57.33410573105669,-19.143258377442958,-44.463642656650336,-56.04379267806404,-64.04294963906328,-27.588683771044348,16.727946555374988,145.36695880199528,226.18407673824186,198.3290618921071,128.91937166033418,113.52526803560717
1008,48.422780847205495,41.3264457295497,51.24080996395891,51.784209656609164,38.36825530537836,-22.99639660896459,-43.48541271978216,-52.12065069377214,-58.26853804493086,-30.300848822156176,3.163017925886379,108.43838748490712,183.54960023782874,167.53426010152907,109.55852851080739,96.22102381820488
1009,35.698510350775386,30.94279510769307,39.37638162804693,38.13992613900856,25.16224685232425,-23.07581646420918,-39.33808354164752,-45.70692384555254,-50.35906631118788,-29.26397958396722,-4.49329787816844,80.2679383025409,148.05938170698624,140.6067197852608,92.48359747825063,81.03308401802029
1010,26.235809032288152,23.100059495458222,30.12768340268563,27.923824375722948,16.19490969115785,-21.038621445713424,-33.73604664350777,-38.398916068361096,-41.865374348658534,-26.18944695317311,-8.197354588644105,59.07186861381446,118.82105019590588,117.30375696195031,77.57732628681826,67.84162309070469
1011,19.433906930862058,17.377658934316838,23.131493106599788,20.542015985986968,10.438019539423944,-17.906363609596156,-27.708649089123355,-31.137157388303812,-33.691693550549516,-22.11536704529447,-9.189782572466356,43.639395205867395,95.18061530812909,97.42295147844405,64.73396986766213,56.53792036847309
1012,14.571017994153019,13.212528377020915,17.861296033920162,15.255393158698487,6.847411673526429,-14.52524451924962,-22.04117912223176,-24.593322684667196,-26.463986834661878,-17.915823620644264,-8.677697637566391,32.51735951011402,76.22832058292208,80.64057933639977,53.800701517769994,46.96371816928539
1013,10.708151873670431,9.845565109382733,13.52533237305553,11.061193916055865,4.26381498083044,-11.441820076776951,-17.080503373536754,-18.94810495340685,-20.27085174211035,-14.122909770462554,-7.761489725591673,23.735754445104767,60.24877217271361,65.99497231352714,44.227207162048735,38.62253055483182
1014,7.9346765324470265,7.374480519306546,10.253625200017789,8.05072125998309,2.670524907000072,-8.787813931038338,-13.004842095437718,-14.391325494368045,-15.313837283222322,-10.88809080685938,-6.5426707217952105,17.424149240496003,47.60458862974286,53.86718954056206,36.2488690989303,31.693618941064415
1015,5.920211302147176,5.541796731612911,7.768851846608284,5.871378596787898,1.6828797791926522,-6.628288470470579,-9.77692965263954,-10.821856981407368,-11.455159963820604,-8.261513297050053,-5.314472947186524,12.853943425929174,37.58705670480101,43.84296121794302,29.618750960905995,25.94578088997514
1016,4.443029084475711,4.171866056761895,5.873537303854911,4.283571526610883,1.068733530634615,-4.936358563545842,-7.288053830926531,-8.088112246703531,-8.515515756489808,-6.200062982468808,-4.21059116147496,9.525478279349045,29.64389272552476,35.56934039611432,24.12118626906834,21.187651398794905
1017,3.354952360510132,3.1471976705891263,4.434298797619704,3.1304214637919876,0.6890565670723195,-3.649011122707244,-5.410796567720744,-6.03341538649173,-6.316732994989642,-4.624074931321957,-3.279719119177441,7.098496580133672,23.36426097324355,28.772841400651355,19.583241529493275,17.269768280043667
1018,2.5652396949652547,2.3946697691582295,3.363763184893677,2.3105320501833506,0.4611674925202221,-2.7075876038101603,-4.043354764194062,-4.538290657471017,-4.725517030218076,-3.464025247280785,-2.535721401518718,5.35427189875918,18.4619065910478,23.255888837427587,15.877167188268816,14.073633740448972
1019,1.982898614414028,1.835776089063854,2.5629248635232216,1.7217408838769188,0.3207557033529156,-2.0255458093400063,-3.0511202324882367,-3.4509960421440025,-3.5744912637029693,-2.6163536912676397,-1.9568991617322484,4.081857355027751,14.613000686739335,18.768678041734216,12.844865666726037,11.452113230816654
1020,1.5476916862098733,1.416919317018515,1.961650524074295,1.2958647407566397,0.23195924285911523,-1.5338062541122781,-2.331043976193801,-2.6578528637816947,-2.7400438199038035,-1.9990090174105717,-1.5140417775681791,3.14354217113162,11.588107300039805,15.13003572440513,10.374079643418684,9.306520762793038
1021,1.2182335624597076,1.1008771885275823,1.50917603482854,0.9854692821193437,0.17382864082277852,-1.178205689832144,-1.8052967077258342,-2.0743154292504187,-2.1298008222958225,-1.547520443769047,-1.1779172589231166,2.4439128764747045,9.20820193835347,12.187943273846551,8.369070804449231,7.555007541792032
1022,0.9655834870864055,0.8602578438668778,1.1669134147066091,0.7568873090380553,0.1341639099607294,-0.9183108757850797,-1.4165822850554832,-1.6388262652669385,-1.677357937420311,-1.213933373164244,-0.922862219756228,1.9158306406461634,7.332397272930913,9.814283742838597,6.746084801897139,6.1280157180803405
1023,0.7695101734238311,0.6755701246261846,0.9065720401444456,0.5865721240729077,0.10590024020556095,-0.7250148099919898,-1.1240574527712721,-1.307733016639499,-1.3351435618148702,-0.9629979620679349,-0.7280943508885684,1.512245247082319,5.849072055177593,7.89968858652927,5.433302776584761,4.966495488410926
1024,0.6157460069532265,0.5325909053800777,0.7071183322155515,0.4580292665081548,0.084930334926217,-0.5781649250649414,-0.8993179671254309,-1.0508212985410605,-1.0709485881255074,-0.770477162505683,-0.577831018372048,1.200134779115615,4.672495244742355,6.355845596218777,4.372200010074656,4.021361119686325
1025,0.4940666877025381,0.4210966604888589,0.5533262737590121,0.35981080156073275,0.06881522518753107,-0.46410301400880727,-0.7231896899528303,-0.8477496723332608,-0.8631108683631672,-0.6199097804835348,-0.4606025938732533,0.9563018316610916,3.7357108229033265,5.1099395554592775,3.5149121553765457,3.252788567790828
1026,0.3970356062028649,0.3334581766944861,0.4337979235611523,0.28378171988151735,0.056067196571218246,-0.3736453648005928,-0.5827558343288339,-0.6847550498288391,-0.6967882339501686,-0.49993525929000626,-0.3679671520835005,0.763909542609846,2.9877371033456126,4.104720369875785,2.822413017593135,2.6282324087299327
1027,0.3193940842502343,0.26436820738724365,0.3406098985901086,0.22452443819513843,0.04582358811395742,-0.3011537962863388,-0.4698560641918448,-0.5530304306937198,-0.5625792579448898,-0.4034235438448377,-0.29431786909325247,0.611409402341191,2.3903918328796863,3.2953050088804696,2.2650917274310944,2.121787826040028
1028,0.25717146234196014,0.20981995906082115,0.2678623795353425,0.17816650466452952,0.0375229242698489,-0.24281759754376253,-0.3788292396399941,-0.44639273915007444,-0.4540730544052037,-0.3255681678742154,-0.23562714004739455,0.49024998675408177,1.9139088275395417,2.645443691744731,1.81788396430602,1.7121130787002454
1029,0.20716506242856017,0.16666359650948184,0.2109333065174204,0.14168678112244898,0.030737710862013046,-0.19561061812419211,-0.30514030496539946,-0.359829114094152,-0.366056833759233,-0.26248800134843414,-0.18865381397959677,0.39358466553988236,1.5331967126767267,2.1235792833893874,1.4591264193667095,1.3809348613010246
1030,0.16692117934560105,0.13247274884737895,0.16629060263013734,0.11285562861719102,0.02516839522598145,-0.15734502275881823,-0.245411583018722,-0.28953521549868,-0.2946270665343036,-0.21131922914771298,-0.15098038450274284,0.31624933203316424,1.2287867177094864,1.7046546302164123,1.171229862981688,1.1133346820793772
1031,0.1345164937437013,0.10535004630946787,0.13120614807952993,0.08998779473456255,0.020590169941507547,-0.12634756278982553,-0.19705742054481692,-0.2325584110939027,-0.2367275928939177,-0.16983981154979638,-0.12074811461934587,0.25426102464033257,0.9851261743647878,1.3682122530138128,0.9400759505926024,0.8972654501581668
1032,0.10841129365664008,0.08380491099835906,0.10358482476086854,0.07180589262342048,0.016827627923963258,-0.10128937615809264,-0.1579934817054891,-0.18649321114415734,-0.18991044303610188,-0.13628636403258756,-0.09648925824356931,0.2044912683673569,0.7899718752742046,1.0980449037909108,0.7544075062417376,0.7228555289930227
1033,0.08737398874810813,0.06666617928463633,0.08180337025156145,0.05732553882158494,0.01373942544575714,-0.08108879493063016,-0.1265189923329412,-0.14935865951494115,-0.152149367534938,-0.10920877123239084,-0.07704246292373032,0.16449194045812224,0.6335368782144671,0.881032847300438,0.6053092391942171,0.5821128458950885
1034,0.07042055579482362,0.053025089680366885,0.06460932503562487,0.04578104212747088,0.011209484935014708,-0.064853039405924,-0.1012292308306704,-0.11951235045021999,-0.12179034557006421,-0.08742792636205975,-0.0614773121768459,0.13233509655193693,0.5081710749904492,0.7068755193810959,0.48566979414499656,0.46864376607066205
1035,0.05675878153903925,0.04217302176091055,0.05104019274897707,0.036574534034506154,0.009140382441858361,-0.05183697349795174,-0.08096077841556897,-0.09558827146975091,-0.09744251520896796,-0.06995313241869942,-0.049043880646682476,0.10649364349436448,0.40773487473779824,0.5672324832272092,0.3898551373845943,0.37724725406094095
1036,0.04574992160736916,0.033547590817241665,0.04034054700501396,0.029236765812259233,0.00745177516572377,-0.04142796135524155,-0.06474483163661457,-0.07644389473197018,-0.07794913916274838,-0.05595837356772141,-0.03912121526601758,0.08572095693255376,0.32727486091919544,0.45530434584517415,0.3130473988543859,0.3036444547274836
1037,0.03687935059861047,0.026693905709959966,0.03190099507524532,0.023382688299794348,0.006074436217854132,-0.0331113593014639,-0.05178179059813764,-0.0611377668766571,-0.06235754055939781,-0.04476288708766723,-0.031207337700055047,0.06901633026323648,0.26276030138459255,0.3655136800438673,0.2514442936642029,0.24437759290231043
1038,0.029732047060991005,0.02124236056572824,0.025234319501448357,0.01870732829723108,0.004951614448925413,-0.02647091909498808,-0.041424590968485324,-0.04890791735462179,-0.049899321924645586,-0.03581651231382109,-0.024897360747023152,0.05557709637443103,0.21100197246206726,0.29343965030108976,0.20194489089096482,0.19665130513827275
1039,0.023973076883911353,0.01690558285190491,0.019963590933392488,0.014970041984010354,0.0040366405446548015,-0.021170346508110276,-0.03315106950529818,-0.03913785871139096,-0.03994412556494353,-0.02866740052455238,-0.0198670313277814,0.044763010299772886,0.16946844747144496,0.2355866585852969,0.162180092869156,0.15822986500721267
1040,0.01933253436488615,0.013453263658448122,0.01579309529188322,0.01198131797510931,0.003291175976171092,-0.016939052516785784,-0.026541292869036885,-0.03133224166439114,-0.031988674050288476,-0.022954817896658954,-0.01585809847685076,0.03606254951903663,0.13613876830640947,0.1891583857572446,0.13026491944973323,0.12730989975326729
1041,0.015592846548055863,0.010705455120062522,0.012493758245130136,0.009591231065444714,0.0026837987336745884,-0.013560201767956772,-0.021259317560179625,-0.025094729761933974,-0.02562977991848519,-0.01838918482826557,-0.012662779561651405,0.029061899072465685,0.10940139730727035,0.1519241399317772,0.10466179137048519,0.10243496007517804
1042,0.012578648534274959,0.008519335091737698,0.009886037886774699,0.00768139998503362,0.00218908790390872,-0.01086172788823855,-0.01703748843907046,-0.02010934726110593,-0.020546278110746892,-0.014739792478004736,-0.010115898151915255,0.023429026201483794,0.0879556777487908,0.12207616224882908,0.08413603132066783,0.08243131234615118
1043,0.010148758419485862,0.006777905934930979,0.007820774286561314,0.006152799400816937,0.0017858857525944976,-0.008704562324315443,-0.013659884552388186,-0.01612105984219982,-0.016478505680944572,-0.01181997892230616,-0.008084213696877538,0.01889345238097511,0.0707380576651693,0.09812471025777215,0.06766564990981092,0.06634531866153079
1044,0.008189580101316096,0.005394185129262041,0.006189658414639,0.004930645199367843,0.00145721578467471,-0.006979063729106981,-0.010956153836949463,-0.012928703508805484,-0.0132217043345528,-0.009482732663205493,-0.006463390884164255,0.015241723017035318,0.05691428421310515,0.07890532297200739,0.05444654919561539,0.05340854950165002
1045,0.006609729563933797,0.0042943033632972015,0.004900590657988297,0.003952712536764531,0.0011891570195855042,-0.005597660351278526,-0.008790129261407336,-0.010371503024154143,-0.01061258847559137,-0.007610651034545819,-0.005169466619138673,0.012299832588593875,0.04580574673517341,0.06346796947452406,0.04382765482686019,0.04300200855478969
1046,0.005335563481431953,0.0034192945053551477,0.003881194528990558,0.0031699661028272074,0.0009704902788923521,-0.00449116772922155,-0.007054493711621035,-0.00832262971484202,-0.008520738663459529,-0.006109819701772982,-0.004135687263832162,0.009928393316970738,0.03687607783441698,0.05106455008405776,0.03528857023541475,0.034629584423912875
1047,0.0043078305768306435,0.0027229503508091773,0.003074507186413809,0.002542934462586085,0.0007920472022046202,-0.003604289509114876,-0.005663124855865525,-0.00668039484714557,-0.0068429058155743405,-0.004906111147387752,-0.0033094853518248002,0.00801633084691795,0.02969626373565656,0.041097008787931245,0.028420491367017218,0.027893586864073377
1048,0.003478751599946658,0.0021687507895486696,0.0024363939186774325,0.0020408410398106624,0.0006464412113668264,-0.0028932912599494947,-0.004547460366406345,-0.00536380447218627,-0.005497154006401875,-0.003940782159458779,-0.0026493080887511106,0.0064749679222586565,0.023924222226404317,0.033089206213584736,0.022898573093958215,0.02247410751832441
1049,0.002809829461122198,0.001728073731231104,0.0019321343321020582,0.001638961312502423,0.0005276677132185016,-0.002323274394646952,-0.003652708769160589,-0.0043080653673054515,-0.004417569644699272,-0.0031665038196868928,-0.0021217220096981953,0.005232289940717497,0.019284058653283864,0.026657000392463357,0.018460350664879246,0.018113291889156762
1050,0.0022700496836997835,0.001378078678888934,0.001534132318088918,0.0013173551862044925,0.0004307797758623825,-0.0018661679641809314,-0.0029350583946714842,-0.003461402058227187,-0.0035511889810939984,-0.002545213927598005,-0.0016999673482912061,0.0042300796360775295,0.015551126203458157,0.021485936981272453,0.014891196415451955,0.014603539276712192
1051,0.0018344255030180129,0.0010949932600072185,0.0012111551519150712,0.0010525463990883768,0.0003498136232207928,-0.001492462888044039,-0.002347807380179542,-0.0027684105474950877,-0.002841444727632084,-0.0020362215551098677,-0.0013559799865886038,0.003403541785831164,0.012477602575797522,0.01722441612530799,0.011945213423002445,0.011734788707794255
1052,0.0014824248178878666,0.0008653150268531005,0.0009480760303891397,0.000833911974041257,0.0002820587656710164,-0.0011863949860396264,-0.0018663383847784384,-0.002200079814688901,-0.002258870340093771,-0.0016184210877067276,-0.0010749153422823707,0.0027206341276593904,0.009941027098518265,0.013703422440552717,0.00950790413402761,0.009385664593927296
1053,0.0011975199803211062,0.0006786138640433949,0.0007334283675715726,0.0006532486804644577,0.00022535357961065268,-0.0009355200776813685,-0.0014712679330841638,-0.0017336079399683513,-0.0017804113574259514,-0.0012752940393901163,-0.000845064408037745,0.0021559868380011593,0.007846653563319705,0.010793567253650898,0.007491190235149199,0.0074603534249035874
1054,0.0009662733474604985,0.0005269372850307263,0.0005586431413705993,0.0005041538918573808,0.00017791852172064994,-0.0007298401843789699,-0.0011470652503443749,-0.0013507259302839106,-0.0013874507546591172,-0.0009935014407216971,-0.0006570781998951654,0.0016891298645142733,0.006117807795817498,0.00839014772489983,0.005823742936367385,0.0058808578297820146
1055,0.0007781708456085264,0.00040320406281222986,0.00041570369129268717,0.0003809717142887946,0.000138276546619766,-0.0005612370358513934,-0.0008810172449947069,-0.0010364458316221967,-0.001064690548186523,-0.0007620641367144085,-0.0005032817124239435,0.001303118074637106,0.00469130705563917,0.0064064696115175524,0.004446605036978976,0.004584588699539641
1056,0.0006248231974106082,0.00030223699182637835,0.00029889160526051583,0.0002793095773085952,0.00010517523229022377,-0.00042304442675750967,-0.0006627340085937508,-0.0007785316702211276,-0.0007996316760129828,-0.0005720235733731117,-0.0003774887414432929,0.000984097299806308,0.0035149808328632,0.004770613359141862,0.0033104389863832955,0.0035205059089743634
1057,0.0004995370613219815,0.00021976406216188998,0.00020335814666136036,0.0001954004744350511,7.754786098043301e-05,-0.0003097529895187888,-0.00048358190854612203,-0.0005668140698357352,-0.0005819888371791292,-0.00041600773693062365,-0.00027458805457821915,0.0007204572258550408,0.0025450776312417084,0.0034218601114324493,0.002373142318122388,0.0026465206745862296
1058,0.00039696246728583774,0.00015757039363961667,0.00013396236006103988,0.00013338834001582915,5.641016468871385e-05,-0.00022385224188578183,-0.00034802783193299547,-0.00040683907406803755,-0.00041755568340054845,-0.00029821329683597596,-0.00019696159454594766,0.0005202039652171411,0.0018139671779603564,0.002411170847023771,0.00167104592609186,0.0019709642147063278
1059,0.0003132055561374208,0.00011122593631236149,8.458971361895757e-05,8.83799501545062e-05,4.043858435969534e-05,-0.00015948034082871994,-0.00024671265107047347,-0.00028747201473119536,-0.00029488194143466117,-0.00021039793708561256,-0.00013911122160996974,0.0003699555631361103,0.0012703492611763068,0.0016650544868233347,0.0011529170146137144,0.0014531729313083425
1060,0.00024509799186489545,7.699700862368835e-05,5.008880231928613e-05,5.619229965044984e-05,2.847710545341085e-05,-0.00011165369817587947,-0.0001716834885883145,-0.0001992512386225696,-0.00020423739104964106,-0.00014556296498215358,-9.640725225576066e-05,0.0002582830295848128,0.0008703966450411826,0.0011206600559359816,0.0007749589016644417,0.0010588726319318603
1061,0.00019019750782587965,5.1978764531668276e-05,2.6447162131911943e-05,3.354234753974846e-05,1.960869017888659e-05,-7.646557787666097e-05,-0.0001166753115415174,-0.00013471917814708183,-0.00013796533312415704,-9.820125290259187e-05,-6.520650848480207e-05,0.00017612124585346983,0.0005794214666821063,0.0007283103555632156,0.0005027811753929459,0.0007610618647179633
1062,0.00014621405404925878,3.4281330174833e-05,1.1332090902474842e-05,1.8477304755443974e-05,1.3252751419453748e-05,-5.139876468872119e-05,-7.768754897240018e-05,-8.912987271157493e-05,-9.118082068328346e-05,-6.480610422191344e-05,-4.318385721749759e-05,0.00011771673286732818,0.00037578448037883,0.0004575377435165657,0.000315192085119114,0.0005411664211091452
1063,0.00011123851436423138,2.2013108329182224e-05,2.236662632120507e-06,8.85269816665511e-06,8.773834062074976e-06,-3.383774726119425e-05,-5.055075598647818e-05,-5.7526487840472586e-05,-5.876744918558481e-05,-4.170019175424906e-05,-2.792217440271218e-05,7.69296644388565e-05,0.00023629581223108938,0.0002753716762526892,0.0001891888704059446,0.0003805044707405614
1064,8.365061252594128e-05,1.3715434761252254e-05,-2.7173695603518614e-06,3.056143343980823e-06,5.683676655670362e-06,-2.1789434997897062e-05,-3.208417183486745e-05,-3.6131111431002084e-05,-3.6840123357251287e-05,-2.6095061912201345e-05,-1.759141741786152e-05,4.9081311902097825e-05,0.0001433640967921487,0.0001568896971418456,0.0001074008630114674,0.0002645811834684407
1065,6.210874146615555e-05,8.290066034533083e-06,-4.902499702958656e-06,-9.965047606133989e-08,3.6136053885067147e-06,-1.375998233145635e-05,-1.9908719488220023e-05,-2.2122121923270504e-05,-2.2498591403876033e-05,-1.5909596446103285e-05,-1.0823391286456691e-05,3.0653481579585264e-05,8.386406365648977e-05,8.359813831962779e-05,5.6952347222249955e-05,0.00018233985507062504
=======
52,0.06339031525552741,0.06609969335725452,0.07210233670496329,0.08703336541219178,0.10792655872340595,0.111043730703838,0.0997572460771697,0.0869676037530657,0.07359054389422078,0.06211380445342053,0.0508318265959825,0.039641219929714,0.02833880454238049,0.021011743117491214,0.01617243942995449,0.016543847466998628
53,0.2324311559369339,0.2423655423099332,0.26437523458486545,0.31912233984470323,0.3957307153191551,0.40716034591407263,0.3657765689496221,0.31888121376124084,0.2698319942788095,0.2277506163292086,0.1863833641852692,0.1453511397422847,0.10390894998872847,0.07704305809746778,0.059298944576499805,0.060660774045661614
54,0.2324311559369339,0.2423655423099332,0.26437523458486545,0.31912233984470323,0.3957307153191551,0.40716034591407263,0.3657765689496221,0.31888121376124084,0.2698319942788095,0.2277506163292086,0.1863833641852692,0.1453511397422847,0.10390894998872847,0.07704305809746778,0.059298944576499805,0.060660774045661614
55,0.2535612610221097,0.2643987734290181,0.2884093468198533,0.34813346164876713,0.4317062348936237,0.444174922815352,0.39902898430867867,0.34787041501226273,0.2943621755768831,0.24845521781368207,0.20332730638393004,0.15856487971885605,0.11335521816952197,0.08404697246996484,0.06468975771981797,0.0661753898679945
56,0.2746913661072855,0.2864320045481029,0.312443459054841,0.37714458345283103,0.46768175446809235,0.48118949971663133,0.4322813996677352,0.3768596162632846,0.31889235687495665,0.2691598192981556,0.22027124858259087,0.17177861969542738,0.12280148635031547,0.0910508868424619,0.07008057086313613,0.07169000569032737
57,0.4226021017035161,0.44066462238169685,0.4806822446997554,0.5802224360812787,0.7195103914893729,0.7402915380255867,0.6650483071811311,0.579784025020438,0.4906036259614717,0.4140920296894701,0.3388788439732167,0.2642747995314267,0.18892536361586992,0.14007828744994139,0.10781626286636327,0.11029231644665749
58,0.5916429423849225,0.6169304713343756,0.6729551425796575,0.81231141051379,1.007314548085122,1.0364081532358214,0.9310676300535837,0.8116976350286131,0.6868450763460606,0.5797288415652581,0.4744303815625034,0.36998471934399735,0.26449550906221797,0.19610960242991796,0.15094276801290857,0.15440924302532053
59,0.6761633627256257,0.705063395810715,0.7690915915196087,0.9283558977300457,1.1512166263829968,1.1844664608409388,1.0640772914898098,0.9276544400327006,0.7849658015383547,0.6625472475031522,0.5422061503571468,0.42283967925028276,0.3022805817853919,0.22412525991990623,0.17250602058618125,0.176467706314652
60,0.7184235728959774,0.7491298580488847,0.8171598159895842,0.9863781413381736,1.2231676655319341,1.2584956146434974,1.1305821222079226,0.9856328425347444,0.834026164134502,0.7039564504720992,0.5760940347544684,0.4492671592034254,0.3211731181469789,0.23813308866490038,0.18328764687281757,0.18749693795931774
61,0.8029439932366805,0.837262782525224,0.9132962649295353,1.1024226285544292,1.3670697438298087,1.4065539222486143,1.2635917836441488,1.101589647538832,0.9321468893267963,0.7867748564099931,0.6438698035491118,0.5021221191097107,0.3589581908701529,0.26614874615488865,0.20485089944609022,0.20955540124864921
62,1.0987654644291418,1.1457280181924117,1.249773836219364,1.5085783338113241,1.8707270178723696,1.9247579988665249,1.7291255986709406,1.5074384650531385,1.2755694274998266,1.0766392771926223,0.8810849943303635,0.6871144787817095,0.4912059454012619,0.3642035473698476,0.2803222834525445,0.28676002276130946
63,1.2889364101957241,1.3440270982641753,1.466080846334254,1.7696784300478998,2.1945066940425875,2.2578891909780388,2.0283973369024495,1.7683412763123358,1.496341059182489,1.2629806905528838,1.033580474118311,0.8060381385708516,0.5762223590284034,0.42723877672232125,0.32883960174240795,0.3363915651623053
64,1.3945869356216032,1.4541932538595994,1.586251407509193,1.9147340390682193,2.374384291914931,2.4429620754844352,2.194659413697732,1.9132872825674454,1.618991965672857,1.3665036979752514,1.118300185111615,0.8721068384537082,0.623453699932371,0.46225834858480663,0.3557936674589988,0.36396464427396974
65,1.8594492474954705,1.9389243384794657,2.115001876678924,2.552978718757626,3.165845722553241,3.2572827673125806,2.9262125515969766,2.551049710089927,2.158655954230476,1.8220049306336688,1.4910669134821535,1.1628091179382776,0.8312715999098278,0.6163444647797423,0.47439155661199844,0.48528619236529297
66,2.11301050851758,2.2033231119084844,2.4034112234987774,2.901112180406393,3.597551957446864,3.7014576901279335,3.325241535905655,2.89892012510219,2.453018129807359,2.0704601484473506,1.6943942198660835,1.3213739976571335,0.9446268180793498,0.7003914372497071,0.5390813143318163,0.5514615822332875
67,2.070750298347228,2.1592566496703145,2.3553429990288017,2.8430899367982647,3.525600918297927,3.6274285363253744,3.258736705187542,2.8409417226001463,2.403957767211211,2.029050945478404,1.660506335468762,1.2949465177039907,0.925734281717763,0.6863836085047128,0.5282996880451799,0.5404323505886218
68,2.3031814542841618,2.401622191980248,2.6197182336136673,3.162212276642968,3.9213316336170823,4.034588882239447,3.6245132741371644,3.1598229363613877,2.6737897614900206,2.2568015618076123,1.8468896996540312,1.4402976574462756,1.0296432317064916,0.7634266666021807,0.5875986326216799,0.6010931246342833
69,2.789173871243206,2.9083865077191993,3.172502815018386,3.829468078136437,4.748768583829862,4.885924150968871,4.389318827395465,3.8265745651348912,3.237983931345713,2.7330073959505023,2.2366003702232304,1.744213676907416,1.246907399864742,0.9245166971696133,0.7115873349179976,0.7279292885479396
70,3.063865237350491,3.1948185122673016,3.4849462740732267,4.2066126615892685,5.216450338297954,5.367113650685503,4.8216002270632,4.203434181398177,3.556876288220669,3.002167215248658,2.4568716188058213,1.915992296602843,1.3697088862150575,1.0155675840120753,0.7816679057811334,0.7996192942382668
71,3.5921178644798863,3.7456492902444225,4.08579907994792,4.931890706690867,6.115838327659672,6.292478073217487,5.652910611039615,4.928164212673723,4.170130820672508,3.5197822523604954,2.8804701737723417,2.2463357960171266,1.6058655907348947,1.190665443324502,0.9164382343640877,0.9374846897965886
72,3.5709877593947112,3.7236160591253373,4.061764967712932,4.9028795848868025,6.0798628080852035,6.2554634963162075,5.619658195680558,4.8991750114227015,4.145600639374434,3.4990776508760217,2.863526231573681,2.233122056040555,1.5964193225541012,1.1836615289520052,0.9110474212207694,0.9319700739742559
73,4.014719966183403,4.186313912626119,4.5664813246476745,5.512113142772146,6.835348719149046,7.032769611243073,6.317958918220746,5.507948237694161,4.66073444663398,3.9338742820499655,3.219349017745558,2.5106105955485534,1.7947909543507647,1.3307437307744436,1.024254497230451,1.0477770062432463
74,4.099240386524106,4.274446837102458,4.662617773587626,5.628157629988403,6.979250797446921,7.180827918848189,6.450968579656973,5.623905042698248,4.758855171826275,4.0166926879878595,3.2871247865402013,2.5634655554548393,1.8325760270739389,1.358759388264432,1.0458177498037236,1.0698354695325778
75,4.099240386524107,4.274446837102459,4.662617773587626,5.6281576299884035,6.9792507974469205,7.18082791884819,6.450968579656973,5.623905042698249,4.758855171826275,4.01669268798786,3.2871247865402013,2.563465555454839,1.8325760270739386,1.3587593882644318,1.0458177498037233,1.0698354695325778
76,3.9724597560130515,4.142247450387949,4.518413100177699,5.4540908991640205,6.763397680000106,6.958740457440515,6.2514540875026325,5.449969835192118,4.611674084037834,3.8924650790810182,3.1854611333482366,2.484183115595411,1.7758984179891775,1.3167359020294493,1.0134728709438143,1.0367477745985807
77,3.7822888102464693,3.9439483703161855,4.30210609006281,5.192990802927445,6.439618003829888,6.625609265329001,5.9521823492711246,5.189067023932921,4.390902452355172,3.706123665720757,3.032965653560289,2.3652594558062687,1.690882004362036,1.2537006726769755,0.964955552653951,0.9871162321975849
78,3.5287275492243597,3.6795495968871674,4.013696743242958,4.844857341278677,6.007911768936263,6.181434342513648,5.553153364962445,4.841196608920659,4.096540276778289,3.457668447907075,2.8296383471763584,2.2066945760874126,1.5775267861925144,1.1696537002070104,0.9002657949341332,0.9209408423295903
79,3.5921178644798863,3.7456492902444225,4.085799079947923,4.931890706690868,6.1158383276596675,6.292478073217487,5.652910611039614,4.928164212673724,4.17013082067251,3.519782252360496,2.880470173772341,2.246335796017127,1.6058655907348947,1.1906654433245014,0.9164382343640877,0.9374846897965889
80,3.1483856576911955,3.2829514367436405,3.58108272301318,4.322657148805525,5.360352416595826,5.515171958290621,4.954609888499427,4.319390986402264,3.6549970134129635,3.084985621186552,2.524647387600464,1.9688472565091284,1.407493958938231,1.0435832415020632,0.8032311583544062,0.8216777575275985
81,3.5075974441391833,3.6575163657680827,3.9896626310079717,4.815846219474612,5.971936249361794,6.144419765612369,5.519900949603389,4.812207407669637,4.0720100954802145,3.436963846422602,2.812694404977698,2.1934808361108407,1.5680805180117205,1.1626497858345128,0.8948749817908153,0.9154262265072572
82,4.73314353907938,4.935443770675003,5.3836411406372635,6.49849128411032,8.058516384680976,8.291265225886567,7.448541040428667,6.493581080228905,5.494760610768483,4.637830732522066,3.7954430525000262,2.959877754751979,2.1159640724977433,1.568876819439343,1.2075421441032688,1.2352739442025638
83,4.923314484845962,5.133742850746768,5.599948150752153,6.759591380346895,8.382296060851194,8.624396417998083,7.747812778660178,6.7544838914881025,5.715532242451145,4.8241721458823275,3.947938532287974,3.0788014145411204,2.200980486124885,1.6319120487918168,1.2560594623931325,1.2849054866035596
84,5.176875745868073,5.398141624175786,5.888357497572007,7.107724841995662,8.81400229574482,9.068571340813435,8.146841762968858,7.102354306500366,6.009894418028027,5.07262736369601,4.151265838671905,3.2373662942599757,2.3143357042944075,1.715959021261782,1.3207492201129505,1.3510808764715543
85,6.022079949275105,6.279470868939179,6.849721986971517,8.26816971415822,10.253023078723569,10.549154416864607,9.47693837733112,8.261922356541243,6.991101669950971,5.90081142307495,4.829023526618339,3.765915893322829,2.692186431526147,1.9961155961616643,1.5363817458456768,1.5716655093648693
86,6.106600369615809,6.367603793415518,6.945858435911467,8.384214201374476,10.396925157021442,10.697212724469722,9.609948038767344,8.377879161545328,7.089222395143265,5.983629829012843,4.896799295412983,3.8187708532291142,2.729971504249321,2.0241312536516527,1.5579449984189497,1.5937239726542007
87,7.247626044215301,7.5573982738461,8.243700496600805,9.950814778793928,12.33960321404275,12.695999877138805,11.405578468156397,9.94329602910051,8.41385218523924,7.101678309174413,5.8117721741406685,4.532312811963967,3.24006998601217,2.4023426297664945,1.8490489081581305,1.8915132270601756
88,8.198480773048212,8.548893674204919,9.325235547175255,11.256315259976803,13.958501594893837,14.361655837696373,12.901937159313944,11.247810085396496,9.517710343652551,8.033385375975723,6.574249573080405,5.126931110909676,3.665152054147877,2.717518776528863,2.0916354996074475,2.1396709390651547
89,7.881529196770572,8.218395207418647,8.964723863650438,10.821148432915846,13.41886880127681,13.806437184177184,12.403150928928097,10.812972066631167,9.149757624181445,7.722816353708619,6.3200904401004925,4.928725011261106,3.523458031435975,2.6124600609414066,2.0107733024576753,2.0569517017301613
90,8.283001193388914,8.63702659868126,9.421371996115207,11.37235974719306,14.102403673191715,14.509714145301489,13.03494682075017,11.363766890400582,9.615831068844843,8.116203781913617,6.642025341875049,5.179786070815963,3.7029371268710514,2.745534434018851,2.1131987521807196,2.161729402354486
91,8.66334308492208,9.033624758824788,9.853986016344985,11.894559939666213,14.749963025532152,15.175976529524519,13.633490297213188,11.885572512918978,10.057374332210168,8.488886608634138,6.947016301450944,5.417633390394246,3.872969954125335,2.871604892723798,2.210233388760447,2.260992487156478
92,8.071700142537155,8.416694287490412,9.181030873765327,11.082248529152423,13.74264847744703,14.139568376288699,12.702422667159604,11.073874877890363,9.37052925586411,7.909157767068881,6.472585919888441,5.04764867105025,3.608474445063117,2.6754952902938802,2.059290620747539,2.1065832441311576
93,8.177350667963037,8.526860443085837,9.301201434940268,11.227304138172745,13.922526075319373,14.324641260795094,12.868684743954885,11.218820884145474,9.493180162354479,8.01268077449125,6.557305630881745,5.113717370933107,3.655705785967084,2.7105148621563657,2.0862446864641293,2.1341563232428213
94,7.184235728959773,7.491298580488851,8.171598159895845,9.863781413381739,12.231676655319347,12.584956146434966,11.305821222079228,9.856328425347446,8.34026164134502,7.039564504720993,5.760940347544685,4.492671592034254,3.2117311814697893,2.3813308866490033,1.8328764687281753,1.8749693795931768
95,6.571462681489676,6.852334878035391,7.4746089050811975,9.022458881063885,11.188386587659753,11.511533416297864,10.341501176666583,9.01564158906781,7.628886383700888,6.43913106167126,5.269566023783524,4.109473132713687,2.937789404226779,2.1782173698465876,1.676542887571949,1.7150455207455235
96,5.89529931876405,6.147271482224677,6.70551731356159,8.094102983333837,10.037169961276756,10.327066955456925,9.277423885176773,8.087987149035111,6.843920582162533,5.776583814168106,4.727359873426378,3.6866334534634047,2.6355088224413854,1.954092109926682,1.5040368669857673,1.538577814430872
97,5.1557456407828965,5.376108393056707,5.864323385337018,7.078713720191599,8.778026776170353,9.031556763912151,8.113589347609794,7.073365105249345,5.98536423672996,5.051922762211531,4.134321896473247,3.224152554283407,2.304889436113612,1.7089551068892845,1.3153584069696325,1.3455662606492211
98,4.606362908568323,4.803244383960499,5.2394364672273355,6.324424553285938,7.8426632672341645,8.06917776447889,7.249026548274328,6.319645872722772,5.347579522980047,4.51360312361522,3.6937793993080623,2.8805953148925534,2.05928646341298,1.5268533332043615,1.1751972652433602,1.2021862492685662
99,4.923314484845962,5.133742850746772,5.599948150752153,6.759591380346892,8.382296060851193,8.62439641799808,7.7478127786601805,6.754483891488101,5.7155322424511485,4.824172145882325,3.9479385322879756,3.078801414541122,2.200980486124883,1.6319120487918173,1.2560594623931323,1.2849054866035599
100,4.838794064505257,5.04560992627043,5.503811701812201,6.643546893130633,8.23839398255332,8.476338110392962,7.614803117223955,6.638527086484016,5.617411517258854,4.741353739944429,3.880162763493331,3.025946454634838,2.1631954134017093,1.6038963913018287,1.2344962098198604,1.2628470233142284
101,5.134615535697719,5.354075161937617,5.84028927310203,7.049702598387532,8.742051256595882,8.994542187010877,8.080336932250743,7.044375903998319,5.960834055431884,5.03121816072706,4.117377954274583,3.2109388143068367,2.295443167932819,1.7019511925167876,1.3099675938263147,1.340051644826889
102,4.796533854334906,5.001543464032259,5.455743477342229,6.585524649522507,8.166442943404386,8.402308956590414,7.548298286505842,6.580548683981972,5.568351154662707,4.699944536975486,3.8462748790960086,2.999518974681694,2.1443028770401225,1.5898885625568357,1.223714583533224,1.2518177916695632
103,5.050095115357018,5.2659422374612745,5.744152824162081,6.933658111171273,8.59814917829801,8.846483879405769,7.947327270814518,6.9284190989942305,5.862713330239591,4.948399754789169,4.049602185479939,3.1580838544005485,2.257658095209645,1.673935535026801,1.2884043412530417,1.3179931815375576
104,4.775403749249733,4.979510232913173,5.43170936510724,6.556513527718445,8.130467423829916,8.365294379689137,7.515045871146778,6.55155948273095,5.543820973364632,4.679239935491016,3.8293309368973496,2.9863052347051218,2.134856608859331,1.5828846481843388,1.218323770389905,1.24630317584723
105,5.176875745868074,5.398141624175785,5.88835749757201,7.107724841995654,8.814002295744826,9.068571340813444,8.146841762968847,7.102354306500372,6.009894418028032,5.072627363696013,4.151265838671906,3.237366294259977,2.3143357042944075,1.7159590212617826,1.32074922011295,1.3510808764715543
106,4.712013433994206,4.91341053955592,5.35960702840228,6.469480162306248,8.022540865106512,8.254250648985296,7.415288625069601,6.464591878977891,5.470230429470417,4.617126131037594,3.778499110301364,2.94666401477541,2.106517804316951,1.5618729050668472,1.202151330959951,1.2297593283802308
107,4.099240386524108,4.2744468371024595,4.662617773587637,5.6281576299883955,6.979250797446923,7.180827918848195,6.45096857965696,5.623905042698254,4.758855171826282,4.016692687987862,3.2871247865402,2.5634655554548424,1.8325760270739389,1.3587593882644333,1.0458177498037233,1.0698354695325776
108,3.6555081797354165,3.8117489836016767,4.157901416652891,5.0189240721030535,6.223764886383078,6.403521803921324,5.752667857116778,5.015131816426796,4.243721364566734,3.5818960568139175,2.9313020003683214,2.2859770159468433,1.6342043952772758,1.2116771864419948,0.9326106737940419,0.9540285372635863
109,3.380816813628132,3.5253169790535748,3.8454579575980454,4.641779488650221,5.756083131914985,5.922332304204693,5.320386457449047,4.638272200163507,3.924829007691776,3.3127362375157605,2.711030751785732,2.1141983962514166,1.5114029089269596,1.120626299599532,0.8625301029309063,0.8823385315732588
110,2.7257835559876793,2.8422868143619473,3.100400478313426,3.742434712724243,4.640842025106459,4.774880420265033,4.289561581318294,3.7396069613818343,3.164393387451493,2.6708935914970806,2.1857685436272454,1.7045724569777048,1.2185685953223608,0.9035049540521223,0.6954148954880434,0.7113854410809394
111,2.7257835559876793,2.8422868143619473,3.100400478313422,3.742434712724243,4.640842025106459,4.774880420265033,4.289561581318294,3.7396069613818343,3.164393387451493,2.6708935914970806,2.1857685436272454,1.7045724569777048,1.2185685953223608,0.9035049540521223,0.6954148954880434,0.7113854410809394
112,2.493352400050745,2.599921272052017,2.8360252437285567,3.4233123728795443,4.245111309787303,4.36772007435096,3.9237850123686746,3.42072574762059,2.894561393172686,2.4431429751678713,1.9993851794419786,1.5592213172354181,1.1146596453336315,0.8264618959546551,0.6361159509115433,0.6507246670352781
113,2.0707502983472272,2.1592566496703194,2.3553429990288026,2.8430899367982647,3.5256009182979335,3.627428536325372,3.2587367051875407,2.8409417226001534,2.4039577672112142,2.0290509454784007,1.6605063354687633,1.2949465177039892,0.9257342817177617,0.6863836085047146,0.5282996880451795,0.5404323505886209
114,2.1975309288582827,2.2914560363848335,2.499547672438723,3.0171566676226496,3.741454035744742,3.849515997733054,3.458251197341878,3.0148769301062788,2.55113885499966,2.1532785543852446,1.7621699886607303,1.3742289575634135,0.9824118908025241,0.7284070947396961,0.5606445669050889,0.5735200455226186
115,2.282051349198984,2.3795889608611764,2.5956841213786754,3.1332011548389005,3.8853561140426223,3.99757430533817,3.5912608587781034,3.1308337351103677,2.6492595801919543,2.2360969603231404,1.829945757455375,1.4270839174696976,1.0201969635256976,0.7564227522296838,0.5822078194783619,0.59557850881195
116,2.493352400050741,2.599921272052021,2.8360252437285567,3.4233123728795443,4.245111309787311,4.36772007435096,3.923785012368666,3.42072574762059,2.894561393172694,2.4431429751678757,1.9993851794419828,1.5592213172354101,1.1146596453336315,0.8264618959546551,0.6361159509115433,0.6507246670352791
117,3.063865237350488,3.194818512267306,3.4849462740732275,4.206612661589271,5.216450338297965,5.367113650685496,4.821600227063194,4.2034341813981815,3.5568762882206864,3.0021672152486594,2.4568716188058244,1.9159922966028375,1.3697088862150568,1.015567584012077,0.7816679057811332,0.7996192942382672
118,3.2117759729467172,3.3490511301008974,3.6531850597181443,4.409690514217719,5.468278975319241,5.626215688994445,5.054367134576596,4.406358590155329,3.7285875573071996,3.147099425639973,2.575479214196451,2.0084884764388358,1.4358327634806105,1.0645949846195566,0.8194035977843603,0.838221604994598
119,3.00047492209496,3.1287188189100448,3.412843937368263,4.119579296177075,5.108523779574552,5.256069919981655,4.721842980986033,4.116466577645107,3.4832857443264595,2.9400534107952416,2.406039792209843,1.8763510766731233,1.3413700816726768,0.9945558408945853,0.7654954663511779,0.7830754467712688
120,3.423077023798474,3.569383441291742,3.8935261820680176,4.699801732258355,5.828034171063921,5.996361458007243,5.386891288167168,4.696250602665543,3.973889370287931,3.354145440484708,2.7449186361830584,2.1406258762045525,1.5302954452885464,1.1346341283445258,0.8733117292175407,0.893367763217925
121,3.2962963932874225,3.437184054577228,3.7493215086580967,4.52573500143397,5.612181053617113,5.774273996599561,5.187376796012829,4.522315395159418,3.8267082824994856,3.2299178315778687,2.6432549829910914,2.0613434363451284,1.4736178362037842,1.0926106421095443,0.8409668503576323,0.8602800682839273
122,3.275166288202249,3.4151508234581422,3.725287396423109,4.496723879629907,5.576205534042645,5.737259419698286,5.154124380653774,4.493326193908396,3.802178101201418,3.2092132300933947,2.626311040792428,2.0481296963685582,1.4641715680229908,1.0856067277370482,0.8355760372143146,0.8547654524615942
123,3.2117759729467212,3.3490511301008934,3.6531850597181443,4.4096905142177105,5.468278975319241,5.626215688994445,5.054367134576604,4.406358590155329,3.728587557307191,3.147099425639973,2.5754792141964464,2.008488476438844,1.4358327634806105,1.0645949846195566,0.8194035977843603,0.8382216049945949
124,3.1695157627763706,3.30498466786273,3.605116835248168,4.3516682706095855,5.396327936170296,5.552186535191887,4.987862303858492,4.348380187653285,3.67952719471104,3.1056902226710252,2.5415913297991244,1.9820609964856999,1.416940227119024,1.0505871558745608,0.8086219714977249,0.8271923733499287
125,3.3174264983726,3.459217285696322,3.773355620893085,4.554746123238033,5.648156573191581,5.811288573500844,5.220629211371886,4.55130459641044,3.851238463797561,3.2506224330623428,2.6601989251897504,2.074557176321698,1.4830641043845776,1.09961455648204,0.8463576635009531,0.8657946841062584
126,3.1483856576911973,3.2829514367436445,3.5810827230131883,4.322657148805523,5.360352416595837,5.515171958290604,4.954609888499427,4.31939098640227,3.654997013412973,3.084985621186555,2.524647387600461,1.96884725650913,1.4074939589382285,1.0435832415020647,0.8032311583544092,0.8216777575275955
127,3.0849953424356693,3.2168517433863877,3.508980386308224,4.235623783393335,5.252425857872432,5.404128227586772,4.854852642422259,4.232423382649204,3.581406469518746,3.0228718167331374,2.4738155610044794,1.9292060365794157,1.3791551543958462,1.022571498384573,0.787058718924456,0.8051339100605982
128,3.2962963932874265,3.4371840545772363,3.7493215086580967,4.525735001433978,5.612181053617113,5.774273996599569,5.187376796012829,4.522315395159418,3.8267082824994856,3.2299178315778687,2.6432549829910874,2.0613434363451284,1.4736178362037842,1.0926106421095423,0.8409668503576374,0.8602800682839273
129,3.2117759729467252,3.3490511301008934,3.6531850597181443,4.409690514217727,5.468278975319232,5.626215688994445,5.054367134576604,4.406358590155329,3.728587557307191,3.147099425639973,2.5754792141964424,2.008488476438844,1.4358327634806127,1.0645949846195524,0.8194035977843644,0.8382216049945969
130,3.1061254475208506,3.238884974505465,3.5330144985432037,4.264634905197413,5.288401377446884,5.441142804488054,4.888105057781323,4.261412583900218,3.6059366508168296,3.0435764182176075,2.4907595032031344,1.9424197765559899,1.3886014225766476,1.0295754127570669,0.7924495320677737,0.8106485258829333
131,2.8103039763283926,2.930419738838274,3.19653692725337,3.8584791999405184,4.784744103404323,4.922938727870148,4.422571242754535,3.855563766385907,3.2625141126438035,2.7537119974349804,2.2535443124218824,1.7574274168839932,1.2563536680455403,0.9315206115421079,0.7169781480613194,0.7334439043702738
132,2.6623932407321638,2.776187121004682,3.0282981416084533,3.655401347312071,4.532915466383047,4.663836689561192,4.189804335241141,3.6526393576287512,3.0908028435572823,2.608779787043667,2.134936717031256,1.6649312370479947,1.1902297907799866,0.8824932109346284,0.6792424560580912,0.694841593613944
133,2.7891738712432113,2.908386507719196,3.172502815018374,3.8294680781364554,4.748768583829864,4.885924150968874,4.389318827395479,3.8265745651348766,3.237983931345728,2.7330073959505023,2.236600370223223,1.744213676907419,1.246907399864747,0.9245166971696099,0.7115873349179996,0.7279292885479407
134,2.70465345090251,2.8202535832428617,3.0763663660784215,3.7134235909201965,4.604866505531992,4.73786584336375,4.256309165959253,3.7106177601307877,3.1398632061534335,2.6501889900126065,2.1688246014285824,1.6913587170011308,1.2091223271415734,0.8965010396796222,0.6900240823447267,0.7058708252586082
135,3.4653372339688366,3.6134499035299137,3.9415944065379853,4.757823975866496,5.899985210212866,6.070390611809809,5.453396118885288,4.75422900516758,4.022949732884082,3.3955546434536523,2.7788065205803725,2.167053356157697,1.5491879816501393,1.1486419570895177,0.8840933555041792,0.9043969948625923
136,3.190645867861552,3.3270178989818078,3.629150947483148,4.380679392413664,5.432303455744773,5.589201112093178,5.0211147192175485,4.377369388904299,3.704057376009124,3.126394824155495,2.5585352719977834,1.9952747364622698,1.4263864952998233,1.0575910702470566,0.8140127846410427,0.8327069891722638
137,3.1483856576911973,3.2829514367436365,3.581082723013172,4.322657148805531,5.360352416595845,5.515171958290613,4.954609888499435,4.319390986402254,3.654997013412973,3.084985621186547,2.524647387600465,1.9688472565091257,1.4074939589382325,1.0435832415020627,0.8032311583544052,0.8216777575275975
138,3.0216050271801413,3.1507520500291304,3.4368780496032434,4.148590417981146,5.144499299149028,5.293084496882931,4.75509539634509,4.145455778896129,3.507815925624527,2.9607580122797037,2.422983734408502,1.8895648166496974,1.3508163498534682,1.0015597552670812,0.7708862794944967,0.7885900625936009
139,3.0849953424356693,3.2168517433863877,3.5089803863082074,4.235623783393335,5.252425857872432,5.404128227586772,4.854852642422259,4.232423382649196,3.581406469518754,3.0228718167331214,2.473815561004488,1.9292060365794117,1.3791551543958502,1.022571498384573,0.7870587189244519,0.8051339100605982
140,3.042735132265323,3.172785281148216,3.4609121618382312,4.177601539785209,5.18047481872348,5.330099073784205,4.7883478117041465,4.174444980147159,3.5323461069226028,2.9814626137641733,2.4399276766071614,1.9027785566262716,1.3602626180342636,1.0085636696395792,0.7762770926378165,0.794104678415934
141,2.7891738712432113,2.908386507719196,3.1725028150183823,3.8294680781364474,4.748768583829848,4.885924150968857,4.389318827395471,3.826574565134901,3.23798393134572,2.7330073959504944,2.2366003702232313,1.744213676907419,1.2469073998647429,0.924516697169614,0.7115873349179976,0.7279292885479407
142,1.8171890373251276,1.8948578762412953,2.066933652208945,2.4949564751495035,3.0938946834042844,3.1832536135100002,2.8597077208788653,2.4930713075878947,2.1095955916343314,1.7805957276647177,1.4571790290848372,1.1363816379851406,0.8123790635482392,0.6023366360347495,0.46360993032536363,0.47425696072062756
143,1.8171890373251276,1.8948578762412953,2.066933652208945,2.4949564751495035,3.0938946834042844,3.1832536135100002,2.8597077208788733,2.4930713075878947,2.1095955916343314,1.7805957276647177,1.4571790290848412,1.1363816379851406,0.8123790635482392,0.6023366360347495,0.46360993032536363,0.47425696072062756
144,1.774928827154773,1.850791414003132,2.018865427738969,2.436934231541378,3.0219436442553484,3.1092244597074505,2.7932028901607526,2.4350929050858503,2.060535229038188,1.7391865246957698,1.423291144687519,1.1099541580319965,0.7934865271866524,0.5883288072897557,0.45282830403872815,0.4632277290759613
145,1.6692783017288906,1.7406252584077038,1.8986948665640366,2.291878622521056,2.842066046383008,2.9241515752010594,2.6269408133654792,2.290146898830739,1.9378843225478184,1.6356635172734042,1.338571433694215,1.0438854581491381,0.7462551862826875,0.5533092354272701,0.4258742383221354,0.43565464996429576
146,1.288936410195723,1.3440270982641778,1.4660808463342587,1.7696784300479098,2.194506694042567,2.25788919097803,2.028397336902458,1.7683412763123474,1.49634105918249,1.2629806905528815,1.0335804741183179,0.8060381385708533,0.5762223590284025,0.4272387767223214,0.3288396017424081,0.3363915651623058
147,1.0987654644291394,1.1457280181924148,1.2497738362193738,1.5085783338113288,1.8707270178723547,1.924757998866523,1.7291255986709595,1.5074384650531474,1.275569427499826,1.0766392771926203,0.8810849943303732,0.6871144787817107,0.4912059454012641,0.36420354736984806,0.28032228345254445,0.2867600227613098
148,1.0142450440884383,1.057595093716072,1.1536373872794212,1.3925338465950696,1.7268249395744826,1.7766996912614073,1.5961159372347342,1.3914816600490585,1.1774487023075315,0.9938208712547245,0.8133092255357285,0.6342595188754225,0.45342087267809056,0.33618788987986037,0.2587590308792715,0.2647015594719773
149,1.0565052542587847,1.1016615559542433,1.2017056117493976,1.450556090203195,1.7987759787234185,1.8507288450639732,1.6626207679528469,1.449460062551103,1.2265090649036827,1.0352300742236642,0.8471971099330469,0.6606869988285625,0.47231340903967733,0.3501957186248542,0.26954065716590697,0.27573079111664356
150,1.1198955695143127,1.1677612493115004,1.2738079484543618,1.5375894556153835,1.9067025374468227,1.9617725757678142,1.7623780140300076,1.5364276663041696,1.3000996087979015,1.0973438786770902,0.8980289365290284,0.7003282187582768,0.5006522135820555,0.37120746174234603,0.2857130965958622,0.2922746385836429
151,0.8874644135773825,0.925395707001566,1.0094327138695007,1.2184671157706768,1.510971822127658,1.5546122298537415,1.3966014450803965,1.2175464525429334,1.030267614519086,0.8695932623478809,0.7116455723437574,0.5549770790159941,0.39674326359333023,0.29416440364487884,0.22641415201936305,0.2316138645379827
152,0.8240740983218545,0.8592960136443172,0.9373303771645364,1.1314337503584884,1.4030452634042538,1.4435684991499005,1.2968441990032196,1.1305788487898667,0.9566770706248674,0.8074794578944632,0.6608137457477758,0.51533585908628,0.36840445905094804,0.27315266052738707,0.21024171258940985,0.2150700170709854
153,0.8029439932366813,0.8372627825252315,0.9132962649295483,1.1024226285544176,1.3670697438297859,1.4065539222486254,1.2635917836441715,1.1015896475388445,0.9321468893267918,0.7867748564099851,0.6438698035491127,0.5021221191097099,0.35895819087015673,0.26614874615489115,0.2048508994460921,0.20955540124865227
154,0.8874644135773825,0.925395707001566,1.0094327138695007,1.2184671157706768,1.510971822127658,1.5546122298537415,1.3966014450803965,1.2175464525429334,1.030267614519086,0.8695932623478809,0.7116455723437574,0.5549770790159941,0.39674326359333023,0.29416440364487884,0.22641415201936305,0.2316138645379827
155,0.8029439932366813,0.8372627825252315,0.9132962649295483,1.1024226285544176,1.3670697438297859,1.4065539222486254,1.2635917836441715,1.1015896475388445,0.9321468893267918,0.7867748564099851,0.6438698035491127,0.5021221191097099,0.35895819087015673,0.26614874615489115,0.2048508994460921,0.20955540124865227
156,0.6972934678108069,0.727096626929803,0.7931257037546077,0.9573670195341037,1.1871921459574455,1.2214810377422185,1.097329706848898,0.9566436412837334,0.8094959828364219,0.6832518489876195,0.5591500925558128,0.43605341922685575,0.3117268499661918,0.23112917429240554,0.17789683372950144,0.1819823221369867
157,0.6127730474700976,0.6389637024534685,0.6969892548146552,0.8413225323178527,1.0432900676595733,1.0734227301371024,0.9643200454126729,0.8406868362796445,0.7113752576441276,0.6004334430497238,0.49137432376116813,0.3831984593205675,0.27394177724301827,0.20311351680241582,0.15633358115622847,0.15992385884765628
158,0.570512837299743,0.5948972402152971,0.6489210303446791,0.7833002887097271,0.9713390285106372,0.9993935763345364,0.8978152146945604,0.7827084337776,0.6623148950479845,0.5590242400807759,0.45748643936384986,0.35677097936742336,0.2550492408814315,0.18910568805742198,0.14555195486959097,0.14889462720299004
159,0.7818138881514999,0.8152295514061458,0.889262152694552,1.073411506750363,1.331094224255334,1.3695393453473343,1.2303393682851234,1.072600446287814,0.9076167080287243,0.7660702549255072,0.6269258613504576,0.4889083791331359,0.3495119226893654,0.2591448317823932,0.19946008630277237,0.20404078542631712
160,0.7395536779811452,0.7711630891679745,0.8411939282245758,1.0153892631422374,1.2591431851063979,1.2955101915447682,1.1638345375670107,1.0146220437857696,0.8585563454325812,0.7246610519565593,0.5930379769531393,0.46248089917999174,0.3306193863277786,0.24513700303739938,0.18867846001613486,0.19301155378165089
161,0.6550332576404442,0.6830301646916398,0.7450574792846234,0.8993447759259782,1.1152411068085257,1.1474518839396524,1.0308248761307854,0.8986652387816808,0.7604356202402869,0.6418426460186636,0.5252622081584946,0.40962593927370755,0.29283431360460505,0.2171213455474117,0.16711520744286393,0.17095309049232046
162,0.6761633627256174,0.7050633958107255,0.7690915915196115,0.9283558977300491,1.1512166263829937,1.1844664608409272,1.0640772914898338,0.927654440032703,0.7849658015383625,0.6625472475031415,0.5422061503571578,0.4228396792502776,0.3022805817853964,0.2241252599199076,0.17250602058618167,0.17646770631465358
163,0.6761633627256174,0.7050633958107255,0.7690915915196115,0.9283558977300491,1.1512166263829937,1.1844664608409272,1.0640772914898338,0.927654440032703,0.7849658015383625,0.6625472475031415,0.5422061503571578,0.4228396792502776,0.3022805817853964,0.2241252599199076,0.17250602058618167,0.17646770631465358
164,0.6761633627256174,0.7050633958107255,0.7690915915196115,0.9283558977300491,1.1512166263829937,1.1844664608409272,1.0640772914898338,0.927654440032703,0.7849658015383625,0.6625472475031415,0.5422061503571578,0.4228396792502776,0.3022805817853964,0.2241252599199076,0.17250602058618167,0.17646770631465358
165,0.8240740983218545,0.8592960136443172,0.9373303771645283,1.1314337503584966,1.40304526340427,1.4435684991498843,1.2968441990032196,1.1305788487898585,0.9566770706248755,0.8074794578944632,0.660813745747784,0.51533585908628,0.36840445905094804,0.27315266052738707,0.21024171258940985,0.21507001707098336
166,0.5916429423849243,0.6169304713343828,0.6729551425796672,0.81231141051379,1.0073145480851053,1.0364081532358114,0.9310676300536086,0.8116976350286222,0.6868450763460601,0.579728841565254,0.47443038156251305,0.36998471934399746,0.26449550906222286,0.1961096024299199,0.15094276801291073,0.15440924302532316
167,0.7184235728959801,0.7491298580488888,0.8171598159895959,0.9863781413381746,1.2231676655319137,1.2584956146434934,1.1305821222079462,0.9856328425347556,0.8340261641344975,0.7039564504720975,0.5760940347544761,0.4492671592034258,0.3211731181469832,0.23813308866490143,0.18328764687281915,0.18749693795931982
168,0.7184235728959801,0.7491298580488888,0.8171598159895959,0.9863781413381746,1.2231676655319137,1.2584956146434934,1.1305821222079462,0.9856328425347556,0.8340261641344975,0.7039564504720975,0.5760940347544761,0.4492671592034258,0.3211731181469832,0.23813308866490143,0.18328764687281915,0.18749693795931982
169,0.8029439932366894,0.8372627825252233,0.9132962649295483,1.1024226285544256,1.3670697438297859,1.4065539222486092,1.2635917836441715,1.1015896475388445,0.9321468893267918,0.7867748564099932,0.6438698035491208,0.502122119109714,0.35895819087015673,0.26614874615489115,0.2048508994460921,0.20955540124865024
170,1.0142450440884463,1.057595093716072,1.1536373872794212,1.3925338465950614,1.7268249395744826,1.7766996912614073,1.5961159372347342,1.3914816600490585,1.1774487023075235,0.9938208712547326,0.8133092255357285,0.6342595188754265,0.45342087267809056,0.3361878898798624,0.2587590308792735,0.2647015594719794
171,1.0776353593439743,1.123694787073321,1.2257397239843857,1.4795672120072498,1.8347514982978868,1.8877434219652482,1.6958731833119114,1.4784492638021252,1.2510392462017421,1.0559346757081502,0.86414105213171,0.6739007388051407,0.48175967722047275,0.3571996329973542,0.2749314703092267,0.28124540693897665
172,1.0142450440884463,1.0575950937160639,1.1536373872794212,1.3925338465950614,1.7268249395744826,1.7766996912614073,1.5961159372347506,1.3914816600490585,1.1774487023075235,0.9938208712547245,0.8133092255357285,0.6342595188754265,0.4534208726780946,0.3361878898798624,0.2587590308792715,0.2647015594719773
173,1.0353751491736196,1.0796283248351497,1.1776714995144093,1.4215449683991324,1.7628004591489506,1.813714268162682,1.6293683525937988,1.4204708613000807,1.2019788836055991,1.0145254727392026,0.8302531677343917,0.6474732588519966,0.462867140858886,0.34319180425235835,0.26414984402258923,0.27021617529431047
174,1.056505254258801,1.1016615559542353,1.2017056117493976,1.450556090203195,1.7987759787234185,1.850728845063957,1.6626207679528469,1.449460062551103,1.2265090649036747,1.0352300742236804,0.847197109933055,0.6606869988285707,0.47231340903967733,0.35019571862485627,0.26954065716590897,0.27573079111664356
175,1.1410256745995022,1.1897944804305698,1.29784206068935,1.5666005774194542,1.942678057021291,1.9987871526690728,1.7956304293890721,1.5654168675551918,1.324629790095969,1.1180484801615762,0.9149728787276997,0.7135419587348549,0.5100984817628509,0.37821137611484396,0.29110390973917993,0.297789254405974
176,1.2255460949402033,1.2779274049069127,1.3939785096292943,1.6826450646357134,2.086580135319163,2.146845460274189,1.9286400908252972,1.6813736725592807,1.4227505152882631,1.2008668860994638,0.9827486475223363,0.7663969186411391,0.5478835544860244,0.40622703360483164,0.3126671623124529,0.31984771769530645
177,1.0142450440884463,1.0575950937160639,1.1536373872794212,1.3925338465950776,1.7268249395744664,1.7766996912613908,1.5961159372347342,1.3914816600490667,1.1774487023075315,0.9938208712547245,0.8133092255357285,0.6342595188754265,0.45342087267809056,0.33618788987986037,0.2587590308792715,0.2647015594719773
178,0.8874644135773906,0.9253957070015579,1.0094327138694925,1.218467115770693,1.510971822127658,1.5546122298537088,1.3966014450803965,1.2175464525429334,1.030267614519094,0.8695932623478809,0.7116455723437655,0.5549770790159982,0.39674326359333023,0.29416440364487884,0.22641415201936305,0.23161386453798066
179,0.8663343084922092,0.9033624758824804,0.9853986016345045,1.1894559939666303,1.47499630255319,1.517597652952434,1.3633490297213322,1.1885572512919111,1.0057374332210185,0.848888660863411,0.6947016301451023,0.5417633390394242,0.3872969954125348,0.2871604892723809,0.22102333887604533,0.2260992487156496
180,0.8663343084922092,0.9033624758824804,0.9853986016345045,1.1894559939666303,1.47499630255319,1.517597652952434,1.3633490297213322,1.1885572512919111,1.0057374332210185,0.848888660863411,0.6947016301451023,0.5417633390394242,0.3872969954125348,0.2871604892723809,0.22102333887604533,0.2260992487156496
181,0.7606837830663267,0.7931963202870601,0.8652280404595639,1.0444003849463084,1.2951187046808497,1.3325247684460433,1.1970869529260588,1.0436112450368,0.8830865267306487,0.7453656534410372,0.6099819191517943,0.47569463915656585,0.34006565450856996,0.2521409174098953,0.19406927315945463,0.19852616960398603
182,0.6761633627256255,0.7050633958107255,0.7690915915196115,0.9283558977300491,1.1512166263829775,1.1844664608409272,1.0640772914898338,0.9276544400327111,0.7849658015383544,0.6625472475031415,0.5422061503571497,0.42283967925028165,0.3022805817853964,0.2241252599199076,0.1725060205861837,0.1764677063146556
183,0.507122522044215,0.5287975468580483,0.5768186936397147,0.6962669232975388,0.8634124697872332,0.8883498456306954,0.7980579686173834,0.6957408300245334,0.5887243511537658,0.4969104356273582,0.40665461276786835,0.3171297594377092,0.22671043633904933,0.16809394493993018,0.12937951543963777,0.1323507797359927
184,0.46486231187386046,0.48473108461988496,0.5287504691697384,0.6382446796894052,0.7914614306382971,0.8143206918281456,0.7315531378992708,0.6377624275224889,0.5396639885576145,0.4555012326584103,0.3727667283705419,0.2907022794845651,0.20781789997746256,0.15408611619493634,0.1185978891530023,0.12132154809132853
185,0.46486231187386046,0.48473108461988496,0.5287504691697384,0.6382446796894052,0.7914614306382971,0.8143206918281456,0.7315531378992708,0.6377624275224889,0.5396639885576145,0.4555012326584103,0.3727667283705419,0.2907022794845651,0.20781789997746256,0.15408611619493634,0.1185978891530023,0.12132154809132853
186,0.40147199661833255,0.41863139126262794,0.45664813246477415,0.5512113142772088,0.6835348719148929,0.7032769611243046,0.63179589182211,0.5507948237694222,0.4660734446633959,0.39338742820498446,0.3219349017745604,0.2510610595548509,0.17947909543508445,0.1330743730774466,0.10242544972304708,0.10477770062432919
187,0.33808168136280464,0.35253169790537087,0.3845457957598098,0.46417794886501235,0.5756083131914888,0.5922332304204636,0.5320386457449493,0.46382722001635557,0.3924829007691772,0.3312736237515586,0.2711030751785789,0.21141983962513677,0.15114029089270634,0.11206262995995685,0.08625301029309185,0.08823385315732983
188,0.29582147119245,0.3084652356671995,0.3364775712898336,0.4061557052568868,0.5036572740425527,0.5182040766178976,0.4655338150268368,0.4058488175143111,0.3434225381730341,0.2898644207826107,0.23721519078126058,0.18499235967199265,0.13224775453111956,0.098054801214963,0.07547138400645435,0.07720462151266361
189,0.33808168136280464,0.35253169790536276,0.3845457957598098,0.4641779488650205,0.5756083131914888,0.5922332304204474,0.5320386457449493,0.46382722001635557,0.3924829007691853,0.3312736237515586,0.271103075178587,0.21141983962513677,0.15114029089270634,0.11206262995995685,0.08625301029308982,0.0882338531573278
190,0.27469136610727674,0.28643200454810575,0.31244345905484544,0.3771445834528241,0.46768175446808463,0.4811894997166064,0.4322813996677886,0.3768596162632889,0.3188923568749666,0.2691598192981327,0.2202712485826055,0.1717786196954226,0.1228014863503282,0.0910508868424671,0.07008057086313459,0.07169000569032846
191,0.21130105085174883,0.22033231119084867,0.24034112234988111,0.2901112180406358,0.35975519574468046,0.3701457690127654,0.3325241535906116,0.28989201251022223,0.2453018129807479,0.207046014844715,0.16943942198662398,0.13213739976570846,0.09446268180794602,0.07003914372497531,0.05390813143317936,0.05514615822332912
192,0.4437322067886872,0.462697853500783,0.5047163569347423,0.6092335578853424,0.755485911063829,0.7773061149268382,0.6983007225402227,0.6087732262714667,0.5151338072595552,0.4347966311739242,0.35582278617188684,0.27748853950799507,0.19837163179667122,0.14708220182244247,0.11320707600968051,0.11580693226899134
193,0.570512837299743,0.594897240215289,0.648921030344671,0.7833002887097271,0.9713390285106372,0.9993935763345202,0.8978152146945604,0.7827084337776,0.6623148950479926,0.5590242400807678,0.45748643936384986,0.35677097936742336,0.2550492408814315,0.189105688057424,0.14555195486958894,0.14889462720298802
194,0.570512837299743,0.594897240215289,0.648921030344671,0.7833002887097271,0.9713390285106372,0.9993935763345202,0.8978152146945604,0.7827084337776,0.6623148950479926,0.5590242400807678,0.45748643936384986,0.35677097936742336,0.2550492408814315,0.189105688057424,0.14555195486958894,0.14889462720298802
195,0.570512837299743,0.594897240215289,0.648921030344671,0.7833002887097271,0.9713390285106372,0.9993935763345202,0.8978152146945604,0.7827084337776,0.6623148950479926,0.5590242400807678,0.45748643936384986,0.35677097936742336,0.2550492408814315,0.189105688057424,0.14555195486958894,0.14889462720298802
196,0.5282526271293884,0.5508307779771258,0.6008528058746947,0.7252780451015935,0.8993879893617012,0.9253644225319704,0.8313103839764479,0.7247300312755556,0.6132545324518414,0.5176150371118199,0.42359855496652343,0.33034349941427926,0.23615670451984475,0.17509785931243016,0.13477032858295349,0.1378653955583238
197,0.6550332576404442,0.6830301646916317,0.7450574792846234,0.8993447759259782,1.1152411068085095,1.1474518839396524,1.0308248761307854,0.8986652387816889,0.7604356202402788,0.6418426460186636,0.5252622081584865,0.40962593927370755,0.29283431360460505,0.2171213455474117,0.1671152074428619,0.17095309049232046
198,0.6761633627256174,0.7050633958107174,0.7690915915196115,0.928355897730041,1.1512166263829775,1.1844664608409272,1.06407729148985,0.9276544400327111,0.7849658015383544,0.6625472475031334,0.5422061503571497,0.4228396792502776,0.30228058178540046,0.22412525991990964,0.17250602058617964,0.17646770631465358
199,0.44373220678867903,0.462697853500783,0.5047163569347504,0.6092335578853343,0.755485911063829,0.7773061149268544,0.6983007225402389,0.6087732262714667,0.515133807259547,0.4347966311739242,0.35582278617188684,0.277488539507991,0.19837163179667527,0.14708220182244247,0.11320707600967848,0.11580693226899134
200,0.3592117864479779,0.37456492902444843,0.40857990799479793,0.49318907066907514,0.6115838327659568,0.6292478073217386,0.5652910611040137,0.4928164212673778,0.4170130820672528,0.35197822523602845,0.2880470173772421,0.2246335796017068,0.16058655907350175,0.11906654433245478,0.09164382343640755,0.09374846897966092
201,0.40147199661833255,0.4186313912626198,0.45664813246477415,0.5512113142772007,0.6835348719148929,0.7032769611243046,0.6317958918221264,0.5507948237694222,0.4660734446633959,0.39338742820497635,0.3219349017745604,0.2510610595548509,0.1794790954350885,0.13307437307744863,0.10242544972304504,0.10477770062432715
202,0.40147199661833255,0.4186313912626198,0.45664813246477415,0.5512113142772007,0.6835348719148929,0.7032769611243046,0.6317958918221264,0.5507948237694222,0.4660734446633959,0.39338742820497635,0.3219349017745604,0.2510610595548509,0.1794790954350885,0.13307437307744863,0.10242544972304504,0.10477770062432715
203,0.4437322067886872,0.462697853500783,0.5047163569347504,0.6092335578853343,0.755485911063829,0.7773061149268544,0.6983007225402389,0.6087732262714667,0.515133807259547,0.4347966311739242,0.35582278617188684,0.27748853950799507,0.19837163179667527,0.14708220182244247,0.11320707600968051,0.11580693226899134
204,0.40147199661834065,0.4186313912626117,0.45664813246477415,0.5512113142772088,0.6835348719148929,0.7032769611242884,0.6317958918221264,0.5507948237694222,0.466073444663404,0.39338742820497635,0.3219349017745685,0.25106105955485497,0.1794790954350885,0.13307437307744863,0.10242544972304504,0.10477770062432512
205,0.40147199661834065,0.4186313912626117,0.45664813246477415,0.5512113142772088,0.6835348719148929,0.7032769611242884,0.6317958918221264,0.5507948237694222,0.466073444663404,0.39338742820497635,0.3219349017745685,0.25106105955485497,0.1794790954350885,0.13307437307744863,0.10242544972304504,0.10477770062432512
206,0.3803418915331674,0.396598160143526,0.432614020229786,0.522200192473146,0.6475593523404248,0.6662623842230134,0.5985434764630619,0.5218056225184,0.4415432633653284,0.37268282672050645,0.30499095957590533,0.23784731957828495,0.17003282725429308,0.12607045870495068,0.09703463657972732,0.099263084801992
207,0.3803418915331674,0.396598160143526,0.432614020229786,0.522200192473146,0.6475593523404248,0.6662623842230134,0.5985434764630619,0.5218056225184,0.4415432633653284,0.37268282672050645,0.30499095957590533,0.23784731957828495,0.17003282725429308,0.12607045870495068,0.09703463657972732,0.099263084801992
208,0.422602101703522,0.44066462238168924,0.48068224469976223,0.5802224360812716,0.7195103914893609,0.7402915380255634,0.6650483071811745,0.5797840250204364,0.4906036259614796,0.4140920296894543,0.3388788439732317,0.26427479953142907,0.18892536361587986,0.14007828744994452,0.10781626286636278,0.1102923164466562
209,0.422602101703522,0.44066462238168924,0.48068224469976223,0.5802224360812716,0.7195103914893609,0.7402915380255634,0.6650483071811745,0.5797840250204283,0.4906036259614796,0.4140920296894543,0.3388788439732317,0.26427479953142907,0.18892536361587986,0.14007828744994452,0.10781626286636278,0.1102923164466562
210,0.3169515762776395,0.330498466786269,0.3605116835248217,0.4351668270609496,0.5396327936170208,0.5552186535191724,0.49878623038588493,0.4348380187653171,0.3679527194711097,0.3105690222670887,0.2541591329799238,0.1982060996485708,0.14169402271191092,0.10505871558745891,0.08086219714977208,0.08271923733499266
211,0.2958214711924581,0.3084652356671914,0.3364775712898336,0.4061557052568787,0.5036572740425527,0.5182040766178976,0.4655338150268205,0.40584881751429486,0.3434225381730341,0.2898644207826188,0.23721519078126058,0.1849923596719967,0.1322477545311155,0.09805480121496098,0.07547138400645435,0.07720462151266158
212,0.3803418915331674,0.396598160143526,0.432614020229786,0.5222001924731298,0.6475593523404248,0.6662623842230134,0.5985434764630456,0.5218056225183757,0.4415432633653284,0.37268282672051456,0.30499095957590533,0.23784731957828495,0.17003282725428903,0.12607045870494865,0.09703463657972732,0.099263084801992
213,0.5916429423849243,0.6169304713343747,0.6729551425796672,0.8123114105137736,1.0073145480851053,1.0364081532358114,0.9310676300536086,0.8116976350285979,0.6868450763460682,0.5797288415652458,0.47443038156251305,0.36998471934399746,0.26449550906222286,0.1961096024299199,0.1509427680129087,0.15440924302532114
214,0.5916429423849243,0.6169304713343747,0.6729551425796672,0.8123114105137736,1.0073145480851053,1.0364081532358114,0.9310676300536086,0.8116976350285897,0.6868450763460682,0.5797288415652458,0.47443038156251305,0.36998471934399746,0.26449550906222286,0.1961096024299199,0.1509427680129087,0.15440924302532114
215,0.507122522044215,0.52879754685804,0.5768186936397147,0.6962669232975226,0.8634124697872332,0.8883498456306954,0.7980579686173834,0.6957408300245008,0.5887243511537739,0.49691043562735004,0.40665461276786835,0.3171297594377092,0.22671043633904933,0.1680939449399322,0.12937951543963574,0.1323507797359907
216,0.5493827322145697,0.5728640090962115,0.6248869181096909,0.7542891669056482,0.9353635089361693,0.9623789994332616,0.864562799335496,0.7537192325265453,0.637784713749917,0.538319638596298,0.4405424971651866,0.34355723939085336,0.2456029727006361,0.18210177368492605,0.14016114172627323,0.14338001138065692
217,0.8452042034070278,0.8813292447634028,0.9613644893995164,1.160444872162543,1.4390207829787383,1.4805830760511753,1.330096614362284,1.1595680500408565,0.9812072519229511,0.8281840593789249,0.6777576879464391,0.52854959906285,0.37785072723174346,0.280156574899885,0.2156325257327276,0.22058463289331648
218,0.7818138881514999,0.8152295514061458,0.889262152694552,1.073411506750355,1.331094224255334,1.3695393453473343,1.2303393682851234,1.0726004462877816,0.9076167080287324,0.7660702549254991,0.6269258613504576,0.4889083791331359,0.3495119226893654,0.2591448317823953,0.19946008630277237,0.20404078542631712
219,0.9719848339180756,1.0135286314779168,1.1055691628094368,1.334511602986936,1.6548739004255626,1.7026705374588573,1.5296111065166218,1.3335032575469898,1.1283883397113965,0.9524116682857604,0.7794213411384021,0.6078320389222743,0.4345283363165038,0.3221800611348686,0.247977404592636,0.25367232782731314
220,0.8452042034070197,0.881329244763411,0.9613644893995082,1.160444872162543,1.4390207829787545,1.4805830760511753,1.330096614362284,1.1595680500408565,0.9812072519229511,0.8281840593789249,0.6777576879464391,0.528549599062846,0.37785072723174346,0.280156574899885,0.2156325257327276,0.22058463289331648
221,0.866334308492193,0.9033624758824966,0.9853986016344963,1.1894559939666058,1.4749963025532224,1.5175976529524502,1.3633490297213322,1.1885572512918867,1.0057374332210267,0.8488886608634029,0.6947016301451023,0.541763339039416,0.3872969954125348,0.2871604892723809,0.22102333887604533,0.2260992487156496
222,0.9297246237477209,0.9694621692397537,1.0575009383394607,1.2764893593787943,1.5829228612766266,1.6286413836562912,1.463106275798493,1.2755248550449616,1.0793279771152453,0.9110024653168287,0.7455334567410838,0.5814045589691302,0.41563579995491295,0.3081722323898707,0.23719577830600055,0.24264309618264893
223,1.0353751491736034,1.079628324835174,1.1776714995144013,1.4215449683991241,1.7628004591489668,1.813714268162682,1.6293683525937663,1.4204708613000807,1.2019788836056153,1.0145254727392026,0.8302531677343917,0.6474732588519885,0.46286714085887787,0.3431918042523563,0.26414984402259123,0.27021617529431247
224,0.8240740983218464,0.8592960136443253,0.9373303771645283,1.1314337503584804,1.40304526340427,1.4435684991498843,1.2968441990032034,1.1305788487898585,0.9566770706248755,0.8074794578944713,0.660813745747784,0.515335859086276,0.368404459050944,0.273152660527385,0.21024171258940985,0.2150700170709854
225,0.8240740983218464,0.8592960136443253,0.9373303771645283,1.1314337503584804,1.40304526340427,1.4435684991498843,1.2968441990032034,1.1305788487898585,0.9566770706248755,0.8074794578944713,0.660813745747784,0.515335859086276,0.368404459050944,0.273152660527385,0.21024171258940985,0.2150700170709854
226,0.6339031525552709,0.6609969335725542,0.7210233670496434,0.8703336541218992,1.0792655872340415,1.1104373070383613,0.9975724607717049,0.8696760375306505,0.7359054389422113,0.62113804453421,0.5083182659598394,0.39641219929713756,0.2833880454238056,0.21011743117491172,0.1617243942995462,0.16543847466998937
227,0.7818138881514999,0.8152295514061458,0.8892621526945602,1.073411506750355,1.3310942242553179,1.3695393453473181,1.230339368285107,1.0726004462877978,0.9076167080287243,0.7660702549255234,0.6269258613504657,0.48890837913313995,0.3495119226893613,0.2591448317823932,0.19946008630277237,0.20404078542631915
228,0.718423572895972,0.7491298580488888,0.8171598159895959,0.9863781413381665,1.2231676655319137,1.2584956146434771,1.1305821222079462,0.985632842534723,0.8340261641345056,0.7039564504720975,0.5760940347544842,0.4492671592034258,0.3211731181469832,0.2381330886649035,0.18328764687281712,0.18749693795931982
229,0.718423572895972,0.7491298580488888,0.8171598159895959,0.9863781413381665,1.2231676655319137,1.2584956146434771,1.1305821222079462,0.985632842534723,0.8340261641345056,0.7039564504720975,0.5760940347544842,0.4492671592034258,0.3211731181469832,0.2381330886649035,0.18328764687281712,0.18749693795931982
230,0.6550332576404442,0.6830301646916317,0.7450574792846315,0.899344775925962,1.1152411068085095,1.1474518839396362,1.0308248761307854,0.8986652387816483,0.7604356202402869,0.6418426460186717,0.5252622081585027,0.40962593927371166,0.29283431360460505,0.2171213455474117,0.1671152074428619,0.17095309049232046
231,0.9085945186625557,0.9474289381206437,1.0334668261044808,1.2474782375747313,1.5469473417021422,1.591626806754984,1.429853860439461,1.246535653793915,1.0547977958171697,0.8902978638323508,0.7285895145424287,0.5681908189925683,0.40618953177412565,0.3011683180173788,0.23180496516267876,0.23712848036031378
232,1.1832858847698406,1.2338609426687495,1.345910285159318,1.6246228210275635,2.014629096170243,2.0728163064716227,1.8621352601071846,1.623395270057212,1.3736901526921284,1.159457683130508,0.948860763125018,0.7399694386879949,0.5289910181244376,0.3922192048598398,0.30188553602581536,0.3088184860506402
233,1.2466762000253684,1.2999606360260063,1.4180126218642823,1.7116561864397681,2.1225556548936475,2.1838600371754637,1.9618925061843453,1.7103628738102867,1.447280696586347,1.2215714875839336,0.9996925897209995,0.7796106586177091,0.5573298226668157,0.41323094797732957,0.3180579754557706,0.32536233351763955
234,1.2466762000253684,1.2999606360260063,1.4180126218642823,1.7116561864397681,2.1225556548936475,2.1838600371754637,1.9618925061843453,1.7103628738102867,1.447280696586347,1.2215714875839336,0.9996925897209995,0.7796106586177091,0.5573298226668157,0.41323094797732957,0.3180579754557706,0.32536233351763955
235,1.5213675661326533,1.5863926405741122,1.7304560809191198,2.0888007698926003,2.590237409361748,2.6650495368921026,2.394173905852069,2.0872224900735836,1.7661730534613054,1.4907313068820909,1.2199638383035887,0.9513892783131358,0.6801313090171277,0.5042818348197906,0.3881385463189072,0.397052339207966
236,1.6904084068140637,1.7626584895267894,1.9227289787990165,2.3208897443251186,2.8780415659574925,2.9611661521023342,2.6601932287245194,2.3191361000817614,1.962414503845894,1.656368118757874,1.35551537589287,1.0570991981257083,0.7557014544634748,0.560313149799766,0.43126505146545313,0.4411692657866289
237,2.04962019326205,2.1372234185512378,2.3313088867938063,2.814078814994218,3.4896253987234656,3.5904139594240894,3.225484289828468,2.8119525213491476,2.3794275859131466,2.008346343993927,1.643562393270104,1.281732777727419,0.9162880135369643,0.6793796941322147,0.5229088749018628,0.5349177347662878
238,2.0073599830916953,2.0931569563130745,2.28324066232383,2.7560565713860927,3.4176743595745296,3.516384805621539,3.1589794591103555,2.753974118847103,2.330367223317004,1.9669371410249792,1.6096745088727857,1.255305297774275,0.8973954771753776,0.6653718653872188,0.5121272486152273,0.5238885031216215
239,1.774928827154765,1.8507914140031403,2.018865427738969,2.436934231541386,3.021943644255365,3.1092244597074665,2.7932028901607446,2.4350929050858503,2.060535229038188,1.7391865246957698,1.4232911446875147,1.1099541580319925,0.7934865271866524,0.5883288072897496,0.45282830403872815,0.4632277290759613
240,1.859449247495466,1.938924338479483,2.1150018766789134,2.552978718757637,3.165845722553237,3.2572827673125824,2.9262125515969695,2.551049710089939,2.1586559542304826,1.8220049306336574,1.4910669134821515,1.1628091179382767,0.8312715999098259,0.6163444647797373,0.4743915566120011,0.4852861923652938
241,1.859449247495466,1.938924338479483,2.1150018766789134,2.552978718757637,3.165845722553237,3.2572827673125824,2.9262125515969695,2.551049710089939,2.1586559542304826,1.8220049306336574,1.4910669134821515,1.1628091179382725,0.8312715999098259,0.6163444647797373,0.4743915566120011,0.4852861923652938
242,2.113010508517578,2.203323111908495,2.403411223498771,2.9011121804064066,3.5975519574468535,3.7014576901279304,3.325241535905645,2.89892012510219,2.4530181298073654,2.070460148447345,1.6943942198660775,1.3213739976571293,0.9446268180793506,0.7003914372497003,0.5390813143318199,0.5514615822332891
243,2.0707502983472232,2.1592566496703234,2.3553429990288026,2.843089936798281,3.5256009182979176,3.62742853632538,3.2587367051875327,2.8409417226001454,2.4039577672112222,2.0290509454783967,1.660506335468759,1.2949465177039892,0.9257342817177638,0.6863836085047085,0.5282996880451825,0.5404323505886229
244,1.9017094576658127,1.9829908007176462,2.1630701011488975,2.6110009623657624,3.2377967617021732,3.3313119211151485,2.992717382315082,2.6090281125919677,2.207716316826634,1.8634141336026053,1.5249547978794697,1.1892365978914168,0.8501641362714126,0.6303522935247331,0.4851731828986366,0.49631542400996004
245,1.9017094576658127,1.9829908007176462,2.1630701011488975,2.6110009623657624,3.2377967617021732,3.3313119211151485,2.992717382315082,2.6090281125919677,2.207716316826634,1.8634141336026053,1.5249547978794697,1.1892365978914168,0.8501641362714126,0.6303522935247331,0.4851731828986366,0.49631542400996004
246,2.3243115593693267,2.4236554230993437,2.6437523458486516,3.1912233984470504,3.9573071531915502,4.071603459140728,3.657765689496208,3.188812137612412,2.6983199427881055,2.277506163292076,1.863833641852685,1.4535113974228417,1.0390894998872804,0.7704305809746756,0.5929894457649993,0.6066077404566163
247,2.1764008237730974,2.269422805265744,2.4755135602037432,2.9881455458185946,3.705478516170274,3.8125014208317713,3.424998781982822,2.9858877288552486,2.5266086737015923,2.1325739529007626,1.745226046462067,1.3610152175868393,0.9729656226217287,0.7214031803671982,0.5552537537617711,0.5680054297002844
248,2.2609212441138067,2.3575557297420784,2.5716500091436876,3.104190033034846,3.8493805944681623,3.960559728436887,3.5580084434190473,3.1018445338593374,2.6247293988938867,2.2153923588386584,1.8130018152567118,1.4138701774931275,1.0107506953449021,0.7494188378571859,0.5768170063350441,0.5900638929896148
249,2.1975309288582787,2.2914560363848295,2.499547672438723,3.0171566676226576,3.7414540357447583,3.849515997733046,3.4582511973418866,3.0148769301062788,2.55113885499966,2.153278554385232,1.7621699886607303,1.3742289575634135,0.98241189080252,0.7284070947396961,0.5606445669050889,0.5735200455226155
250,2.3031814542841613,2.4016221919802496,2.6197182336136557,3.1622122766429714,3.9213316336171147,4.034588882239437,3.624513274137176,3.159822936361382,2.6737897614900215,2.256801561807606,1.8468896996540383,1.4402976574462676,1.029643231706489,0.7634266666021817,0.5875986326216796,0.6010931246342791
251,2.641263135646974,2.7541538898856044,3.0042640293734655,3.626390225507992,4.496939946808603,4.626822112659901,4.156551919882077,3.623650156377721,3.0662726622591987,2.588075185559181,2.117992774832609,1.6517174970714126,1.1807835225991872,0.8754892965621366,0.6738516429147694,0.6893269777916048
252,2.8103039763283846,2.9304197388382818,3.19653692725337,3.8584791999405104,4.784744103404348,4.922938727870132,4.422571242754527,3.855563766385899,3.2625141126437875,2.7537119974349724,2.2535443124218983,1.757427416883989,1.2563536680455383,0.931520611542112,0.7169781480613153,0.7334439043702677
253,3.1695157627763786,3.304984667862722,3.60511683524816,4.3516682706095935,5.396327936170304,5.552186535191887,4.987862303858492,4.348380187653269,3.6795271947110484,3.1056902226710252,2.5415913297991324,1.9820609964856999,1.416940227119028,1.0505871558745608,0.8086219714977229,0.8271923733499266
254,3.4653372339688366,3.6134499035299137,3.9415944065379853,4.757823975866488,5.899985210212874,6.070390611809801,5.45339611888528,4.75422900516758,4.022949732884074,3.3955546434536603,2.778806520580377,2.167053356157705,1.5491879816501353,1.1486419570895197,0.8840933555041772,0.9043969948625882
255,3.48646733905401,3.6354831346489993,3.9656285187729736,4.786835097670552,5.935960729787341,6.107405188711076,5.4866485342443285,4.78321820641861,4.04747991418215,3.41625924493813,2.795750462779032,2.180267096134279,1.5586342498309267,1.1556458714620175,0.8894841686474949,0.9099116106849213
256,3.380816813628136,3.5253169790535708,3.845457957598041,4.641779488650221,5.756083131915001,5.922332304204685,5.320386457449039,4.638272200163507,3.924829007691788,3.3127362375157645,2.711030751785732,2.1141983962514246,1.5114029089269618,1.120626299599532,0.8625301029309043,0.8823385315732578
257,3.401946918713309,3.5473502101726564,3.8694920698330373,4.670790610454284,5.792058651489469,5.95934688110596,5.353638872808086,4.667261401414537,3.9493591889898636,3.3334408390002346,2.727974693984387,2.1274121362279987,1.520849177107753,1.1276302139720298,0.867920916074222,0.8878531473955908
258,3.1483856576912053,3.2829514367436365,3.5810827230131883,4.322657148805514,5.360352416595853,5.515171958290613,4.954609888499411,4.319390986402287,3.6549970134129808,3.084985621186555,2.524647387600461,1.968847256509142,1.4074939589382325,1.0435832415020627,0.8032311583544052,0.8216777575275975
259,3.0638652373505044,3.1948185122672936,3.484946274073244,4.206612661589247,5.216450338297981,5.367113650685496,4.821600227063186,4.203434181398198,3.5568762882206864,3.0021672152486594,2.4568716188058164,1.9159922966028538,1.369708886215059,1.015567584012075,0.7816679057811322,0.7996192942382672
260,3.1483856576912053,3.282951436743628,3.5810827230131963,4.322657148805498,5.360352416595869,5.515171958290613,4.954609888499411,4.319390986402287,3.6549970134129808,3.084985621186555,2.524647387600461,1.968847256509142,1.4074939589382325,1.0435832415020667,0.8032311583544052,0.8216777575275996
261,3.317426498372608,3.4592172856963055,3.773355620893093,4.554746123238017,5.6481565731916135,5.811288573500844,5.220629211371862,4.551304596410465,3.851238463797569,3.250622433062339,2.6601989251897504,2.0745571763217105,1.4830641043845796,1.099614556482042,0.8463576635009511,0.8657946841062625
262,4.120370491609289,4.296480068221529,4.686651885822633,5.65716875179245,7.0152263170214155,7.21784249574947,6.484220995016017,5.652894243949293,4.783385353124361,4.037397289472332,3.304068728738863,2.5766792954314206,1.8420222952547363,1.3657633026369314,1.0512085629470411,1.0753500853549127
263,4.056980176353761,4.230380374864272,4.614549549117669,5.5701353863802625,6.907299758298011,7.106798765045629,6.384463748938856,5.565926640196218,4.709794809230142,3.975283485018914,3.2532369021428815,2.537038075501706,1.813683490712354,1.3447515595194415,1.035036123517086,1.0588062378879133
264,4.099240386524116,4.2744468371024436,4.6626177735876455,5.6281576299883875,6.979250797446947,7.180827918848195,6.450968579656968,5.623905042698262,4.758855171826293,4.016692687987862,3.287124786540208,2.5634655554548464,1.8325760270739448,1.3587593882644333,1.0458177498037233,1.0698354695325796
265,4.416191962801747,4.60494530388872,5.023129457112451,6.063324457049346,7.518883591063968,7.736046572367384,6.949754810042821,6.058743061463588,5.126807891297387,4.327261710254967,3.5412839195201156,2.761671655103417,1.9742700497858436,1.4638181038518903,1.1266799469534956,1.1525547068675723
266,5.2191359560384285,5.4422080864139435,5.9364257220419825,7.165747085603779,8.88595333489377,9.142600494615992,8.213346593686977,7.160332709002416,6.058954780624179,5.11403656666496,4.185153723069228,3.263793774213127,2.333228240655996,1.7299668500067793,1.3315308463995856,1.3621101081162206
267,5.092355325527373,5.310008699699438,5.792221048632054,6.991680354779403,8.670100217446945,8.92051303320831,8.013832101532639,6.986397501496283,5.911773692835725,4.989808957758116,4.083490069877265,3.1845113343536986,2.276550631571236,1.6879433637717958,1.299185967539677,1.329022413182224
268,5.47269721706054,5.706606859842972,6.22483506886184,7.5138805472525485,9.317659569787386,9.58677541743134,8.612375577995651,7.508203124014683,6.353316956201054,5.36249178447864,4.388481029453162,3.4223586539319837,2.446583458825521,1.8140138224767424,1.3962206041194045,1.428285497984216
269,5.282526271293956,5.508307779771217,6.008528058746947,7.252780451015967,8.993879893617175,9.253644225319817,8.313103839764137,7.247300312755491,6.132545324518397,5.176150371118378,4.235985549665218,3.303434994142841,2.3615670451983783,1.750978593124265,1.3477032858295428,1.3786539555832198
270,5.726258478082651,5.971005633272,6.513244415681681,7.862014008901318,9.749365804681004,10.030950340246688,9.011404562304326,7.85607353902695,6.647679131777944,5.610947002292319,4.591808335837088,3.5809235336508403,2.5599386769950416,1.8980607949467014,1.4609103618392254,1.4944608878522112
271,6.25451110521204,6.521836411249126,7.114097221556368,8.58729205400292,10.64875379404272,10.956314762778675,9.842714946280742,8.580803570302496,7.2609336642297775,6.128562039404163,5.015406890803604,3.9112670330651196,2.796095381514878,2.0731586542591294,1.595680690422181,1.632326283410533
272,6.592592786574853,6.874368109154473,7.498643017316177,9.051470002867957,11.224362107234226,11.548547993199138,10.374753592025643,9.044630790318852,7.653416564998955,6.459835663155737,5.286509965982183,4.122686872690257,2.9472356724075763,2.1852212842190846,1.6819337007152708,1.7205601365678607
273,6.106600369615811,6.367603793415518,6.945858435911451,8.38421420137448,10.396925157021444,10.697212724469718,9.60994803876734,8.37787916154535,7.089222395143257,5.983629829012841,4.896799295412977,3.8187708532291174,2.7299715042493227,2.0241312536516523,1.5579449984189506,1.5937239726542072
274,6.529202471319325,6.808268415797215,7.426540680611213,8.964436637455751,11.116435548510822,11.437504262495313,10.274996345948466,8.957663186565794,7.579826021104736,6.397721858702312,5.235678139386193,4.083045652760542,2.918896867865194,2.1642095411015947,1.6657612612853134,1.7040162891008654
275,7.057455098448721,7.359099193774325,8.027393486485916,9.689714682557353,12.015823537872539,12.3628686850273,11.106306729924881,9.68239321784134,8.19308055355657,6.915336895814156,5.659276694352708,4.413389152174822,3.155053572385031,2.3393074004140226,1.800531589868265,1.8418816846591872
276,7.120845413704258,7.4251988871315815,8.09949582319088,9.776748047969543,12.123750096595943,12.47391241573114,11.206063976002058,9.7693608215944,8.266671097450788,6.977450700267582,5.7101085209486895,4.453030372104536,3.183392376927409,2.3603191435315165,1.8167040292982182,1.8584255321261847
277,7.5011873052374085,7.8217970472751075,8.532109843420667,10.298948240442687,12.771309448936384,13.14017479995417,11.804607452465072,10.2911664441128,8.7082143608161,7.350133526988104,6.015099480524587,4.690877691682821,3.353425204181694,2.4863896022364673,1.9137386658779454,1.9576886169281766
278,7.966049617111286,8.306528131894977,9.060860312590405,10.937192920132102,13.562770879574682,13.954495491782316,12.536160590364327,10.928928871635273,9.247878349373716,7.805634759646523,6.387866208895129,4.981579971167394,3.5612431041591526,2.6404757184314014,2.032336555030944,2.079010165019501
279,7.691358251004009,8.020096127346878,8.74841685353556,10.56004833667927,13.09508912510658,13.473305992065693,12.103879190696603,10.552069255371975,8.928985992498772,7.5364749403483655,6.167594960312532,4.809801351471971,3.4384416178088406,2.5494248315889365,1.962255984167809,2.0073201593291725
280,7.754748566259536,8.086195820704136,8.820519190240523,10.647081702091473,13.203015683829985,13.584349722769534,12.20363643677378,10.639036859125033,9.002576536393008,7.598588744801792,6.2184267869085135,4.849442571401686,3.466780422351227,2.5704365747064264,1.9784284235977663,2.02386400679617
281,7.458927095067078,7.777730585036953,8.48404161895069,10.240925996834578,12.699358409787433,13.066145646151622,11.738102621746991,10.233188041610722,8.659153998219981,7.308724324019165,5.9812115961272605,4.664450211729688,3.3345326678201195,2.4723817734914673,1.902957039591314,1.9466593852835063
282,6.465812156063813,6.742168722439975,7.354438343906265,8.87740327204358,11.008508989787385,11.326460531791506,10.175239099871337,8.870695582812687,7.5062354772105335,6.335608054248902,5.184846312790204,4.043404432830836,2.8905580633228283,2.143197797984105,1.6495888218553603,1.68747244163386
283,6.381291735723104,6.6540357979636315,7.258301894966313,8.761358784827328,10.864606911489513,11.178402224186389,10.042229438435113,8.754738777808598,7.408114752018248,6.252789648311007,5.117070543995559,3.990549472924548,2.8527729905996586,2.115182140494117,1.6280255692820893,1.6654139783445276
284,5.916429423849244,6.169304713343763,6.729551425796574,8.123114105137915,10.073145480851215,10.364081532358227,9.310676300535874,8.116976350286109,6.8684507634606335,5.797288415652588,4.744303815625025,3.699847193439975,2.6449550906221964,1.9610960242991788,1.5094276801290871,1.544092430253203
285,6.402421840808286,6.676069029082702,7.282336007201285,8.790369906631375,10.900582431064013,11.215416801087647,10.07548185379416,8.783727979059611,7.432644933316332,6.273494249795476,5.134014486194222,4.003763212901114,2.862219258780442,2.122186054866611,1.633416382425403,1.6709285941668586
286,7.480057200152244,7.799763816156022,8.508075731185661,10.269937118638625,12.735333929361916,13.10316022305288,11.771355037106039,10.262177242861737,8.683684179518082,7.329428925503619,5.998155538325924,4.677663951706246,3.3439789360009025,2.479385687863961,1.9083478527346276,1.9521740011058333
287,7.480057200152244,7.799763816156022,8.508075731185661,10.269937118638625,12.735333929361932,13.10316022305288,11.771355037106039,10.262177242861737,8.683684179518082,7.329428925503619,5.998155538325932,4.677663951706246,3.3439789360009025,2.479385687863961,1.9083478527346276,1.9521740011058333
288,7.268756149300478,7.579431504965165,8.26773460883578,9.979825900597982,12.375578733617251,12.733014454040099,11.438830883515461,9.972285230351515,8.438382366537342,7.122382910658887,5.828716116339324,4.54552655194053,3.2495162541929647,2.40934654413899,1.8544397213014463,1.8970278428825063
289,7.881529196770576,8.218395207418618,8.96472386365042,10.821148432915834,13.418868801276858,13.806437184177184,12.403150928928085,10.81297206663115,9.149757624181477,7.722816353708628,6.3200904401004845,4.928725011261098,3.523458031435975,2.6124600609414057,2.0107733024576726,2.0569517017301604
290,8.050570037451978,8.394661056371287,9.156996761530324,11.053237407348352,13.706672957872602,14.102553799387417,12.66917025180052,11.044885676639328,9.345999074566066,7.888453165584418,6.4556419776897656,5.034434931073666,3.599028176882322,2.668491375921381,2.0538998076042185,2.1010686283088256
291,8.32526140355927,8.6810930609194,9.46944022058517,11.430381990801184,14.174354712340671,14.583743299104071,13.101451651468242,11.421745292902626,9.664891431441024,8.157612984882576,6.675913226272355,5.206213550769097,3.7218296632326378,2.759542262763842,2.1239803784673574,2.172758633999154
292,7.1419755187894225,7.447232118250652,8.123529935425852,9.805759169773605,12.159725616170428,12.510926992632417,11.239316391361074,9.798350022845398,8.291201278748904,6.9981553017520515,5.727052463147345,4.466244112081101,3.1928386451082003,2.3673230579040063,1.82209484244154,1.8639401479485116
293,6.867284152682146,7.160800113702554,7.811086476371007,9.428614586320773,11.692043861702327,12.029737492915794,10.807034991693333,9.421490406582118,7.972308921873946,6.728995482453911,5.5067812145647554,4.294465492385679,3.0700371587578923,2.2762721710615454,1.7520142715784053,1.7922501422581871
294,7.83926898660023,8.174328745180462,8.916655639180444,10.763126189307709,13.34691776212789,13.732408030374634,12.336646098209924,10.754993664129122,9.100697261585326,7.6814071507396875,6.28620255570315,4.9022975313079575,3.504565495074392,2.59845223219641,1.9999916761710412,2.045922470085498
295,8.895774240859023,9.275990301134714,10.118361250929834,12.21368227951091,15.145693740851325,15.583136875438575,13.99926686616277,12.204453726680217,10.327206326489009,8.71663722496336,7.133399665636197,5.562984530136524,3.9768789041140655,2.948647950821262,2.269532333336948,2.3216532612021417
296,9.19159571205148,9.584455536801913,10.454838822219667,12.619837984767807,15.649351014893877,16.10134095205649,14.464800681189574,12.610302544194528,10.670628864662035,9.006501645745987,7.370614856417449,5.747976889808529,4.1091266586451685,3.046702752036221,2.345003717343405,2.3988578827148013
297,9.59306770866983,10.003086928064524,10.911486954684424,13.171049299045015,16.332885886808786,16.804617913180795,15.096596573011668,13.161097367963944,11.13670230932543,9.399889073950979,7.692549758192009,5.999037949363388,4.288605754080241,3.1797771251136657,2.4474291670664456,2.5036355833391246
298,10.417141806991676,10.862382941708834,11.848817331848945,14.302483049403511,17.735931150213087,18.24818641233066,16.393440772014888,14.291676216753785,12.093379379950306,10.20736853184545,8.353363503939786,6.514373808449664,4.657010213131189,3.452929785641053,2.6576708796558535,2.718705600410106
299,11.114435274802483,11.589479568638646,12.641943035603552,15.259850068937615,18.92312329617055,19.46966745007288,17.490770478863755,15.24831985803751,12.902875362786729,10.890620380833086,8.912513596495598,6.95042722767652,4.968737063097381,3.684058959933456,2.835567713385355,2.9006879225470925
300,11.262346010398703,11.743712186472246,12.810181821248468,15.462927921566072,19.174951933191842,19.728769488381854,17.72353738637714,15.451244266794642,13.074586631873233,11.035552591224391,9.031121191886232,7.042923407512514,5.0348609403629325,3.7330863605409377,2.873303405388583,2.939290233303422
301,10.438271912076841,10.884416172827937,11.872851444083949,14.331494171207591,17.77190666978754,18.285200989231953,16.426693187373953,14.320665418004783,12.117909561248357,10.228073133329938,8.370307446138456,6.52758754842623,4.666456481311984,3.4599337000135506,2.6630616927991753,2.724220216232441
302,11.0933051697173,11.56744633751956,12.61790892336858,15.230838947133568,18.887147776596066,19.432652873171623,17.45751806350469,15.21933065678648,12.878345181488628,10.869915779348617,8.895569654296944,6.937213487699945,4.959290794916585,3.6770550455609623,2.830176900242037,2.8951733067247614
303,10.649572962928621,11.104748484018776,12.11319256643383,14.621605389248234,18.13166186553222,18.655346758244768,16.7592173409645,14.610557430515021,12.363211374229081,10.435119148174667,8.539746868125073,6.659724948191946,4.760919163119922,3.529972843738522,2.716969824232357,2.779366374455772
304,10.839743908695207,11.303047564090548,12.329499576548724,14.882705485484816,18.455441541702417,18.98847795035629,17.058489079196015,14.871460241774214,12.583983005911737,10.62146056153493,8.692242347913018,6.778648607981089,4.845935576747065,3.5930080730909912,2.7654871425222205,2.828997916856768
305,10.1424504408844,10.575950937160737,11.536373872794131,13.925338465950713,17.268249395744924,17.766996912614072,15.961159372347149,13.914816600490488,11.774487023075299,9.938208712547294,8.133092255357203,6.342595188754241,4.534208726780881,3.3618788987985915,2.587590308792719,2.6470155947197815
306,9.635327918840176,10.047153390302697,10.959555179154417,13.229071542653173,16.404836925957657,16.878647066983376,15.163101403729797,13.219075770465972,11.185762671921534,9.44129827691992,7.726437642589352,6.025465429316528,4.307498290441832,3.1937849538586653,2.4582107933530812,2.514664814983791
307,8.790123715433149,9.165824145539302,9.998190689754908,12.068626670490598,14.965816142978904,15.398063990932185,13.833004789367546,12.059507720425115,10.20455541999859,8.613114217540979,7.048679954642921,5.496915830253686,3.9296475632100885,2.9136283789587845,2.2425782676203516,2.2940801820904744
308,8.916904345944204,9.298023532253799,10.142395363164837,12.242693401314975,15.18166926042571,15.620151452339867,14.032519281521868,12.233442927931264,10.351736507787027,8.737341826447814,7.150343607834884,5.576198270113115,3.9863251722948445,2.955651865193772,2.274923146480258,2.327167877024473
309,8.346391508644453,8.703126292038503,9.493474332820158,11.459393112605246,14.210330231915057,14.62075787600533,13.134704066827355,11.450734494153656,9.689421612739043,8.17831758636703,6.6928571684710345,5.219427290745687,3.731275931413417,2.766546177136352,2.129371191610667,2.1782732498214847
310,8.663343084922076,9.033624758824772,9.85398601634498,11.89455993966619,14.749963025532095,15.175976529524503,13.633490297213225,11.885572512918966,10.057374332210154,8.488886608634127,6.947016301450942,5.417633390394258,3.872969954125324,2.871604892723813,2.210233388760437,2.2609924871564755
311,8.938034451029353,9.32005676337287,10.166429475399825,12.271704523119004,15.217644780000196,15.657166029241125,14.065771696880963,12.262432129182246,10.376266689085112,8.758046427932284,7.16728755003354,5.5894120100896885,3.99577144047564,2.9626557795662785,2.2803139596235757,2.332682492846804
312,11.55816748159116,12.052177422139396,13.146659392538302,15.869083626822917,19.67860920723433,20.246973564999767,18.189071201403976,15.85709308430897,13.418009170046227,11.325417012007003,9.268336382667485,7.227915767184535,5.1671086948940355,3.831141161755909,2.9487747893950313,3.0164948548160817
313,12.065290003635385,12.580974968997436,13.723478086178018,16.565350550120456,20.542021677021598,21.135323410630463,18.987129170021326,16.5528339143335,14.006733521199992,11.822327447634377,9.674990995435337,7.54504552662224,5.393819131233085,3.999235106695835,3.078154304834669,3.1488456345520723
314,13.819088725704969,14.409733151881483,15.718309401682015,18.973273659857764,23.527989801702493,24.207533293436654,21.747079644823025,18.958937618168324,16.0427385689401,13.540809370845684,11.08133819792418,8.641785944677654,6.17785939023895,4.580559999613091,3.5255917957300773,3.606558747805703
315,15.889839024052208,16.568989801551798,18.073652400710802,21.81636359665601,27.053590720000425,27.83496182976202,25.005816350010555,21.799879340768452,18.446696336151327,15.56986031632409,12.741844533392948,9.93673246238164,7.103593671956714,5.266943608117799,4.05389148377526,4.146991098394324
316,15.27706597658211,15.930026099098345,17.376663145896146,20.97504106433816,26.010300652340838,26.761539099624933,24.041496304597917,20.959192504488815,17.73532107850719,14.96942687327435,12.250470209631787,9.553534003061063,6.829651894713704,5.063830091315383,3.8975579026190337,3.9870672395466693
317,17.094255013907237,17.824883975339635,19.443596798105073,23.469997539487654,29.104195335745153,29.944792713134966,26.901204025476773,23.452263812076712,19.844916670141497,16.750022600939083,13.707649238716629,10.689915641046193,7.642030958261947,5.666166727350125,4.361167832944395,4.461324200267297
318,16.439221756266793,17.14185381064801,18.698539318820444,22.570652763561675,27.988954228936628,28.797340829195296,25.870379149346004,22.553598573295044,19.08448104990123,16.108179954920406,13.182387030558143,10.28028970177247,7.349196644657346,5.449045381802713,4.194052625501533,4.290371109774981
319,17.41120659018488,18.15538244212592,19.804108481629896,23.90516436654863,29.64382812936219,30.50001136665414,27.39999025586261,23.887101830842052,20.212869389612642,17.060591623206196,13.961808371696536,10.888121740694746,7.783724980973846,5.7712254429375776,4.442030030094169,4.544043437602292
320,18.509972054614,19.30111046031831,21.05388231784926,25.413742700359958,31.514555147234564,32.42476936552066,29.12911585453357,25.394540295895176,21.488438817112474,18.13723090039881,14.842893366026894,11.57523621947647,8.274930926375102,6.13542899030743,4.722352313546716,4.830803460363597
321,18.36206131901778,19.14687784248469,20.885643532204345,25.21066484773152,31.2627265102133,32.165667327211686,28.896348947020183,25.19161588713801,21.31672754802597,17.992298690007487,14.724285770636259,11.482740039640476,8.208807049109542,6.086401589699952,4.6846166215434915,4.792201149607264
322,17.136515224077584,17.868950437577773,19.491665022575067,23.52801978309581,29.176146374894124,30.018821866937515,26.9677088561949,23.51024221457874,19.8939770327377,16.791431803908022,13.74153712311394,10.71634312099934,7.660923494623522,5.680174556095129,4.371949459231034,4.472353431911955
323,17.812678586803194,18.57401383338848,20.260756614094685,24.456375680825854,30.3273630012771,31.20328832777844,28.031786147684702,24.43789665461145,20.678942834276054,17.453979051411174,14.28374327347108,11.13918280024963,7.9632040764089185,5.904299816015031,4.5444554798172145,4.6488211382266105
324,17.199905539333095,17.935050130935046,19.563767359280064,23.615053148508,29.284072933617512,30.129865597641324,27.06746610227206,23.597209818331812,19.967567576631932,16.853545608361433,13.792368949709905,10.755984340929071,7.689262299165899,5.7011862992126225,4.388121898660992,4.488897279378956
325,18.193020478336344,18.97061199353204,20.693370634324506,24.978575873299015,30.974922353617558,31.869550712001455,28.63032962414773,24.959702277129832,21.120486097641365,17.82666187813168,14.588734233046969,11.377030119827932,8.133236903663194,6.030370274719985,4.641490116396942,4.748084223028603
326,16.016619654563247,16.701189188266294,18.21785707412076,21.99043032748042,27.269443837447266,28.0570492911697,25.205330842164877,21.973814548274568,18.593877423939766,15.694087925230892,12.843508186584911,10.016014902241084,7.160271281041462,5.308967094352787,4.086236362635167,4.1800787933283186
327,15.488367027433858,16.150358410289204,17.61700426824606,21.265152282378818,26.37005584808555,27.131684868637713,24.37402045818846,21.249084516999023,17.980622891487915,15.176472888119049,12.419909631618404,9.685671402826788,6.924114576521633,5.133869235040355,3.9514660340522108,4.042213397769997
328,15.572887447774551,16.238491334765545,17.71314071718601,21.38119676959507,26.513957926383423,27.279743176242846,24.507030119624687,21.365041322003112,18.078743616680217,15.259291294056961,12.487685400413056,9.738526362733069,6.961899649244815,5.161884892530338,3.973029286625482,4.064271861059329
329,17.242165749503425,17.979116593173266,19.61183558375004,23.673075392116125,29.356023972766447,30.203894751443872,27.13397093299016,23.655188220833843,20.016627939228037,16.894954811330372,13.826256834107246,10.782411820882203,7.708154835527499,5.715194127957602,4.398903524947619,4.499926511023626
330,17.960589322399432,18.728246451222144,20.428995399739637,24.659453533454293,30.579191638298393,31.462390366087384,28.26455305519809,24.64082106336858,20.850654103362526,17.598911261802478,14.402350868861715,11.231678980085624,8.02932795367447,5.953327216622507,4.582191171820439,4.6874234489829405
331,18.298671003762234,19.080778149127486,20.813541195499447,25.12363148231933,31.15479995148988,32.054623596507845,28.79659170094299,25.104648283384936,21.243137004131704,17.930184885554063,14.673453944040293,11.44309881971076,8.180468244567164,6.065389846582458,4.6684441821135305,4.77565730214027
332,18.805793525806457,19.60957569598551,21.39035988913916,25.81989840561687,32.01821242127711,32.942973442138545,29.59464966956034,25.80038911340947,21.831861355285486,18.427095321181437,15.080108556808145,11.760228579148475,8.407178680906204,6.233483791522393,4.797823697553172,4.908008081876257
333,18.23528068850669,19.014678455770213,20.74143885879448,25.03659811690714,31.04687339276646,31.943579865804004,28.69683445486583,25.017680679631894,21.169546460237502,17.868071081100652,14.622622117444296,11.403457599781047,8.152129440024778,6.044378103464973,4.652271742683581,4.759113454673273
334,19.165005312254443,19.984140625009918,21.798939797133958,26.31308747628597,32.62979625404306,33.5722212494603,30.159940730664307,26.293205534676872,22.24887443735276,18.77907354641749,15.368155574185364,11.984862158750193,8.567765239979687,6.352550335854842,4.8894675209895775,5.001756550855922
335,19.94681920040596,20.79937017641607,22.688201949828485,27.386498983036354,33.96089047829839,34.94176059480761,31.390280098949365,27.365805980964687,23.156491145381487,19.545143801343006,15.995081435535813,12.473770537883329,8.917277162669036,6.611695167637232,5.088927607292346,5.205797336282241
336,19.904558990235632,20.7553037141779,22.64013372535851,27.32847673942823,33.88893943914945,34.8677314410051,31.323775268231266,27.307827578462657,23.10743078278532,19.503734598374063,15.961193551138487,12.447343057930198,8.898384626307445,6.597687338892237,5.078145981005711,5.194768104637579
337,19.883428885150447,20.733270483058828,22.61609961312352,27.29946561762417,33.85296391957497,34.83071686410377,31.290522852872204,27.278838377211645,23.08290060148725,19.483029996889595,15.944249608939831,12.434129317953632,8.88893835812665,6.590683424519739,5.072755167862397,5.189253488815244
338,19.01709457665824,19.829908007176364,21.63070101148901,26.11000962365753,32.37796761702176,33.313119211151324,29.927173823150888,26.09028112591974,22.077163168266225,18.63414133602617,15.249547978794729,11.8923659789142,8.50164136271412,6.303522935247356,4.85173182898635,4.963154240099592
339,18.509972054614018,19.30111046031834,21.053882317849293,25.41374270035999,31.514555147234528,32.42476936552066,29.129115854533534,25.394540295895208,21.488438817112442,18.137230900398794,14.84289336602686,11.575236219476485,8.274930926375077,6.135428990307422,4.722352313546708,4.830803460363605
340,18.193020478336393,18.97061199353207,20.693370634324474,24.978575873299047,30.974922353617526,31.869550712001455,28.6303296241477,24.959702277129868,21.120486097641333,17.826661878131713,14.588734233046937,11.377030119827916,8.133236903663178,6.030370274719969,4.6414901163969375,4.748084223028611
341,17.390076485099694,18.13334921100685,19.780074369394924,23.876153244744632,29.607852609787706,30.462996789752847,27.366737840503543,23.858112629591037,20.18833920831451,17.03988702172173,13.944864429497816,10.874908000718197,7.774278712793018,5.764221528565088,4.436639216950847,4.538528821779964
342,17.559117325781113,18.309615059959533,19.97234726727483,24.108242219177132,29.89565676638345,30.75911340496311,27.632757163376027,24.090026239599215,20.384580658699083,17.205523833597518,14.08041596708709,10.980617920530774,7.849848858239365,5.820252843545063,4.479765722097397,4.58264574835863
343,18.171890373251212,18.94857876241297,20.669336522089484,24.949564751494986,30.93894683404304,31.832536135100195,28.597077208788637,24.930713075878852,21.095955916343232,17.80595727664724,14.57179029084825,11.363816379851333,8.123790635482383,6.023366360347479,4.636099303253624,4.742569607206276
344,19.566477308872795,20.40277201627256,22.25558792959867,26.864298790563225,33.313331125957966,34.27549821058464,30.791736622486365,26.8440003584463,22.71494788201611,19.17246097462248,15.690090475959876,12.235923218305045,8.747244335414766,6.485624708932286,4.991892970712619,5.106534251480249
345,21.806268447901434,22.738294514895546,24.803203826507374,29.93947770179404,37.12673620085161,38.199043362120264,34.31649265054635,29.916855691054643,25.315147099611913,21.367148731976677,17.48614834901793,13.636579655821606,9.748548762578887,7.228039632416978,5.563319163904339,5.691083528647539
346,23.538937064885854,24.545019466660506,26.774001029776368,32.31838968972728,40.07672880595802,41.234238668025164,37.043190709988984,32.29397019363845,27.326621966053967,23.0649260537035,18.875551609308136,14.720106333900455,10.523142753403947,7.802360610961744,6.005365841656434,6.143282026078834
347,27.300095770047133,28.466934605857595,31.052073007604186,37.482369370850684,46.480371290213434,47.82283335645291,42.96212064390102,37.45404801632032,31.692994237111083,26.750345117939755,21.89157332066978,17.072152049730157,12.20457848958519,9.049057369266222,6.964930581167063,7.124883642454084
348,29.47649659382026,30.73635741112334,33.52758656780793,40.470514916669245,50.18584980638376,51.6353347772847,46.387119425883874,40.43993574517555,34.21960291081268,28.88291907084054,23.636799367131875,18.433167267317003,13.177544112206922,9.770460549633421,7.520184334928834,7.692889072154368
349,29.751187959927524,31.022789415671436,33.84003002686278,40.8476595001221,50.65353156085185,52.11652427700132,46.819400825551575,40.8167953614388,34.53849526768766,29.152078890138682,23.857070615714488,18.604945887012427,13.300345598557247,9.861511436475885,7.590264905791969,7.764579077844693
350,29.582147119246105,30.846523566718783,33.64775712898287,40.61557052568959,50.36572740425611,51.82040766179106,46.55338150267913,40.58488175143059,34.34225381730305,28.98644207826289,23.721519078125215,18.499235967199866,13.2247754531109,9.805480121495918,7.5471384006454185,7.720462151266036
351,31.145774895549135,32.47698266953106,35.42628143437196,42.762393539190334,53.02791585276678,54.559486352485756,49.01406023924931,42.730082644006224,36.1574872333605,30.518582588113922,24.975370800826113,19.477052725466155,13.923799298489614,10.323769785060701,7.946058573250964,8.128543722118666
352,31.927588783700653,33.29221222093718,36.315543587066486,43.83580504594069,54.35901007702211,55.929025697833104,50.24439960753443,43.802683090294,37.065103941389225,31.284652843039435,25.602296662176578,19.965961104599305,14.273311221178963,10.582914616843093,8.14551865955374,8.332584507544977
353,33.99833908204788,35.45146887060748,38.670886586095286,46.678894982738974,57.88461099532002,59.55645423415847,53.50313631272196,46.64362481289417,39.46906170860046,33.31370378851784,27.26280299764533,21.260907622303307,15.199045502896736,11.2692982253478,8.67381834759892,8.873016858133594
354,33.25878540406672,34.68030578143953,37.8296926578707,45.66350571959668,56.625467810213586,58.2609440426137,52.339301775155036,45.62900276910841,38.61050536316787,32.58904273656127,26.669765020692207,20.798426723123303,14.86842611656896,11.024161222310406,8.485139887582786,8.680005304351946
355,32.1388898345524,33.51254453212804,36.55588470941633,44.12591626398132,54.718765272766696,56.29917146684589,50.57692376112501,44.092575102804275,37.31040575436997,31.491698857884167,25.771736084163162,20.098098504365016,14.367773902986917,10.652953760568055,8.199426790986925,8.387730665768304
356,31.526116787082305,32.873580829674566,35.85889545460168,43.28459373166346,53.675475205107105,55.2257487367088,49.6126037157124,43.25188826652467,36.59903049672581,30.891265414834443,25.280361760402002,19.714900045044455,14.0938321257439,10.449840243765639,8.0430932098307,8.22780680692065
357,29.962489010779304,31.24312172686229,34.08037114921256,41.137770718162756,51.013286756596436,52.48667004601417,47.15192497914222,41.10668737394911,34.783797080668364,29.359124904983414,24.026510037701104,18.737083286778184,13.394808280365185,9.93155058020084,7.644173037225154,7.819725236068011
358,27.088794719195384,28.24660229466677,30.811731885254208,37.19225815281003,46.12061609446872,47.452687587440195,42.62959649031057,37.164156003810085,31.44769242413034,26.543299103095023,21.722133898683232,16.940014649964464,12.110115807777268,8.979018225541235,6.911022449733886,7.069737484230741
359,26.79297324800291,27.938137058999605,30.475254313964406,36.786102447553084,45.6169588204262,46.93448351082225,42.16406267528373,36.75830718629582,31.1042698859573,26.253434682312413,21.48491870790196,16.75502229029244,11.977868053246166,8.88096342432628,6.835551065727429,6.992532862718081
360,24.341881058122517,25.38228224918576,27.687297294705818,33.42081231828167,41.44379854978784,42.64079259027384,38.30678249363317,33.395559841177274,28.258768855380758,23.851700910113486,19.519421412857323,15.222228453010173,10.882100944274125,8.068509357116616,6.210216741102523,6.352837427327472
361,22.37678128520117,23.333191755110843,25.452124856851956,30.722777990503737,38.098075229362294,39.19843693845483,35.21430786524089,30.69956412483225,25.97746199465993,21.92617297205746,17.943634788381846,13.99335063518905,10.00359800346033,7.417145320474382,5.708871118773938,5.839978155850515
362,21.74287813264589,22.672194821538305,24.731101489802313,29.852444336381787,37.01880964212829,38.08799963141649,34.21673540446922,29.829888087301565,25.24155655571771,21.305034927523234,17.43531652242203,13.596938435891909,9.720209958036516,7.207027889299476,5.5471467244743895,5.6745396811805335
363,20.306030986853948,21.17393510544051,23.096781857823185,27.87968805370539,34.5724743110644,35.571008402129465,31.95557116005336,27.85862240223209,23.57350422744873,19.897122026579023,16.283128452913097,12.698404117485065,9.077863721742558,6.730761711969682,5.180571430728752,5.299545805261906
364,19.566477308872795,20.40277201627256,22.25558792959867,26.864298790563094,33.313331125957966,34.2754982105847,30.791736622486432,26.84400035844627,22.71494788201614,19.17246097462245,15.690090475959973,12.23592321830506,8.747244335414782,6.485624708932294,4.991892970712619,5.106534251480257
365,20.41168151227982,21.284101261035953,23.216952418998194,28.024743662725673,34.75235190893675,35.756081286635826,32.12183323684868,28.00356840848716,23.6961551339391,20.000645034001405,16.367848163906405,12.764472817367928,9.125095062646519,6.765781283832179,5.207525496445336,5.327118884373582
366,17.601377535951446,18.35368152219767,20.02041549174484,24.166264462785225,29.96760780553242,30.833142558765694,27.699261994094154,24.148004642101245,20.433641021295312,17.246933036566425,14.11430385148453,11.007045400483971,7.868741394600988,5.834260672290059,4.490547348384017,4.593674980003316
367,16.52374217660752,17.229986735124353,18.794675767760445,22.68669725077793,28.132856307234565,28.94539913680046,26.003388810782262,22.669555378299133,19.182601775093513,16.1909983608583,13.250162799352827,10.333144661678814,7.38698171738052,5.477061039292705,4.215615878074792,4.312429573064337
368,15.40384660709323,16.062225485812892,17.52086781930614,21.149107795162568,26.22615376978768,26.983626561032647,24.24101079675224,21.133127711994998,17.88250216629558,15.093654482181202,12.352133862823816,9.632816442920525,6.88632950379846,5.105853577550371,3.929902781478932,4.020154934480696
369,14.55864240368617,15.180896241049465,16.55950332990668,19.988662922999993,24.787132986808892,25.503043484981454,22.910914182389984,19.97355966195411,16.90129491437262,14.265470422802277,11.674376174877384,9.10426684385769,6.508478776566725,4.825697002650486,3.7142702557462144,3.799570301587372
370,14.833333769793464,15.467328245597596,16.87194678896146,20.365807506452843,25.25481474127699,25.984232984698078,23.343195582057756,20.350419278217355,17.220187271247532,14.534630242100418,11.894647423459967,9.276045463553114,6.631280262917049,4.916747889492934,3.7843508266093573,3.8712603072776965
371,14.664292929112046,15.291062396644909,16.679673891081556,20.13371853202034,24.967010584681248,25.688116369487812,23.077176259185308,20.118505668209178,17.02394582086299,14.368993430224625,11.75909588587066,9.170335543740553,6.555710117470702,4.860716574512951,3.741224321462807,3.8271433806990314
372,13.227445783320068,13.79280268054715,15.045354259102364,18.160962249344006,22.520675253617355,23.17112514020086,20.81601201476945,18.147239983139702,15.355893492593948,12.961080529280448,10.606907816361725,8.271801225333709,5.9133638811767435,4.384450397183157,3.3746490277171852,3.4521495047803876
373,13.671177990108779,14.255500534047899,15.550070616037049,18.770195807229292,23.276161164681202,23.948431255127748,21.51431273730967,18.756013209411126,15.871027299853527,13.39587716045438,10.96273060253358,8.549289764841692,6.111735512973398,4.5315325990056055,3.4878561037268776,3.5679564370493773
374,13.502137149427329,14.079234685095214,15.357797718157144,18.53810683279679,22.988357008085455,23.65231463991748,21.24829341443722,18.52409959940295,15.674785849468988,13.230240348578556,10.827179064944273,8.443579845029133,6.036165367527052,4.475501284025638,3.4447295985803357,3.523839510470712
375,13.671177990108715,14.255500534047899,15.550070616037049,18.770195807229292,23.276161164681202,23.948431255127748,21.51431273730967,18.756013209411126,15.871027299853592,13.39587716045438,10.962730602533545,8.549289764841692,6.111735512973398,4.5315325990056055,3.4878561037268776,3.5679564370493773
376,13.966999461301189,14.56396576971513,15.886548187326882,19.176351512486235,23.779818438723787,24.46663533174563,21.979846552336443,19.161862026925455,16.214449838026667,13.685741581236991,11.199945793314782,8.734282124513681,6.243983267504502,4.62958740022056,3.563327487733318,3.6451610585620364
377,13.354226413831059,13.925002067261696,15.189558932512293,18.33502898016838,22.736528371064196,23.393212601608543,21.01552650692377,18.32117519064585,15.503074580382547,13.0853081381873,10.708571469553622,8.351083665193105,5.970041490261484,4.4264738834181445,3.406993906577083,3.4852371997143825
378,12.91049420704238,13.462304213760879,14.684842575577543,17.72579542228303,21.98104246000035,22.61590648668172,20.317225784383545,17.712401964374425,14.987940773122968,12.650511507013366,10.352748683381767,8.07359512568509,5.771669858464812,4.279391681595712,3.2937868305674067,3.369430267445393
379,12.403371684998158,12.933506666902824,14.108023881937893,17.02952849898546,21.117629990213118,21.72755664105099,19.519167815766195,17.016661134349892,14.399216421969218,12.15360107138596,9.946094070613883,7.756465366247377,5.544959422125771,4.111297736655778,3.164407315127765,3.2370794877093982
380,11.325736325654166,11.809811879829535,12.882284157953563,15.549961286978228,19.2828784919152,19.839813219085695,17.8232946324543,15.538211870547782,13.148177175767419,11.097666395677802,9.081953018482182,7.0825646274422525,5.063199744905303,3.7540981036584236,2.889475844818532,2.9558340807704195
381,10.48053212224717,10.928482635066173,11.920919668554104,14.38951641481565,17.84385770893641,18.35923014303457,16.49319801809205,14.378643820506893,12.16696992384446,10.269482336298877,8.404195330535751,6.5540150283793865,4.685349017673551,3.4739415287585382,2.6738433190857904,2.7352494478771114
382,10.332621386650967,10.774250017232589,11.752680882909187,14.18643856218718,17.592029071915153,18.100128104725627,16.26043111057866,14.175719411749728,11.995258654757956,10.124550125907522,8.285587735145132,6.461518848543392,4.619225140407999,3.424914128151061,2.6361076270825543,2.6966471371207814
383,9.402896762903245,9.804787847992818,10.69517994456971,12.909949202808352,16.009106210638492,16.471486721069336,14.797324834780154,12.900194556704784,10.915930677642725,9.213547660590718,7.540054278404049,5.880114289574261,4.203589340453083,3.116741895761184,2.3989118487765575,2.4540040409381327
384,8.536562454411069,8.90142537211029,9.709781342935198,11.720493208841747,14.534109908085286,14.953889068116885,13.433975805058838,11.71163730541288,9.910193244421732,8.364658999727258,6.84535264825893,5.33835095053483,3.8162923450405515,2.8295814064888094,2.17788850990051,2.227904792222489
385,8.261871088303776,8.614993367562224,9.397337883880352,11.343348625388964,14.066428153617185,14.472699568400198,13.001694405391131,11.334777689149567,9.591300887546756,8.095499180429085,6.625081399676317,5.166572330839407,3.6934908586902435,2.738530519646344,2.1078079390373756,2.1562147865321646
386,8.050570037452028,8.394661056371401,9.15699676153047,11.053237407348336,13.706672957872472,14.102553799387417,12.669170251800551,11.044885676639362,9.345999074566018,7.888453165584386,6.455641977689733,5.034434931073682,3.599028176882306,2.668491375921365,2.05389980760419,2.1010686283088456
387,8.008309827281664,8.350594594133197,9.108928537060494,10.99521516374021,13.634721918723569,14.028524645584898,12.602665421082422,10.986907274137334,9.296938711969883,7.847043962615446,6.421754093292423,5.008007451120518,3.580135640520715,2.654483547176369,2.0431181813175465,2.0900393966641753
388,7.522317410322622,7.843830278394242,8.556143955655768,10.327959362246734,12.80728496851082,13.177189376855429,11.837859867824136,10.320155645363814,8.732744542114167,7.370838128472575,6.032043422723226,4.7040914316593705,3.362871472362469,2.4933935166089407,1.9191294790212428,1.9632032327505158
389,7.184235728959785,7.491298580488872,8.171598159895959,9.86378141338173,12.231676655319331,12.584956146434902,11.305821222079235,9.856328425347458,8.340261641344958,7.039564504720992,5.760940347544647,4.49267159203425,3.211731181469775,2.38133088664899,1.8328764687281591,1.8749693795931859
390,8.17735066796305,8.526860443085882,9.301201434940335,11.227304138172713,13.922526075319379,14.324641260795033,12.868684743954939,11.218820884145446,9.493180162354358,8.012680774491205,6.557305630881729,5.11371737093311,3.6557057859670783,2.7105148621563524,2.086244686464121,2.1341563232428404
391,8.40978182389998,8.769225985395874,9.565576669525203,11.546426478017436,14.318256790638511,14.731801606709073,13.234461312904582,11.537702097906665,9.763012156633133,8.240431390820438,6.743688995066999,5.259068510675401,3.7596147359558114,2.7875579202538217,2.145543631040628,2.1948170972884946
392,8.367521613729618,8.72515952315767,9.517508445055228,11.48840423440931,14.246305751489606,14.657772452906556,13.167956482186453,11.479723695404639,9.713951794036998,8.199022187851499,6.709801110669689,5.232641030722269,3.7407221995942206,2.773550091508826,2.1347620047539846,2.1837878656438243
393,7.775878671344734,8.10822905182327,8.84455330247556,10.676092823895553,13.2389912034045,13.621364299670729,12.236888852132845,10.668026060376048,9.027106717690978,7.619293346286213,6.235370729107184,4.8626563113782595,3.476226690532014,2.577440489078916,1.983819236741088,2.029378622618505
394,7.627967935748529,7.953996433989687,8.676314516830644,10.47301497126708,12.987162566383176,13.362262261361789,12.004121944619458,10.465101651618884,8.855395448604472,7.474361135894924,6.116763133716566,4.770160131542265,3.410102813266479,2.5284130884714386,1.9460835447378682,1.9907763118621753
395,8.388651718814865,8.747192754276707,9.541542557290215,11.517415356213405,14.282281271064026,14.694787029807815,13.201208897545452,11.508712896655652,9.738481975335162,8.219726789335969,6.726745052868345,5.245854770698835,3.7501684677750324,2.780554005881332,2.140152817897323,2.1893024814661595
396,8.642212979836975,9.011591527705734,9.829951904110073,11.865548817862159,14.713987505957643,15.138961952623179,13.60023788185416,11.856583311667887,10.032844150912101,8.468182007149673,6.930072359252271,5.404419650417692,3.863523685944561,2.864600978351291,2.2048425756171355,2.2554778713341483
397,7.627967935748529,7.953996433989687,8.67631451683071,10.47301497126708,12.987162566383176,13.362262261361723,12.004121944619394,10.465101651618884,8.855395448604602,7.474361135894989,6.116763133716534,4.770160131542265,3.410102813266479,2.5284130884714386,1.9460835447378517,1.990776311862159
398,7.818138881515097,8.152295514061409,8.892621526945602,10.734115067503613,13.310942242553406,13.695393453473246,12.303393682850908,10.726004462878077,9.076167080287307,7.660702549255283,6.269258613504495,4.889083791331392,3.495119226893621,2.591448317823912,1.9946008630277154,2.040407854263159
399,8.11396035270757,8.460760749728577,9.229099098235436,11.140270772760491,13.814599516595925,14.213597530091192,12.76892749787768,11.131853280392404,9.419589618460382,7.950566970037926,6.506473804285731,5.07407615100338,3.6273669814247245,2.689503119038867,2.070072247034172,2.1176124757758186
400,8.11396035270757,8.460760749728577,9.229099098235436,11.140270772760491,13.814599516595925,14.213597530091192,12.76892749787768,11.131853280392404,9.419589618460382,7.950566970037926,6.506473804285731,5.07407615100338,3.6273669814247245,2.689503119038867,2.070072247034172,2.1176124757758186
401,8.240740983218595,8.592960136443123,9.373303771645364,11.314337503584868,14.030452634042765,14.435684991498874,12.968441990032002,11.305788487898553,9.566770706248851,8.074794578944745,6.608137457477694,5.153358590862808,3.6840445905094645,2.7315266052738543,2.1024171258940862,2.1507001707098135
402,7.353276569641172,7.667564429441557,8.363871057775864,10.095870387814168,12.519480811915075,12.881072761645166,11.571840544951685,10.088242035355636,8.536503091729758,7.20520131659688,5.896491885133953,4.59838151184681,3.2873013269161544,2.4373622016289738,1.8760029738747173,1.9190863061718346
403,6.6559831018303806,6.940467802511713,7.5707453540212555,9.138503368280064,11.332288665957615,11.65959172390298,10.47451083810282,9.131598394071911,7.727007108893304,6.521949467609245,5.337341792578172,4.162328092619938,2.9755744769499546,2.2062330273365824,1.698106140145228,1.737103984034856
404,6.381291735723088,6.654035797963583,7.25830189496641,8.76135878482728,10.864606911489513,11.178402224186357,10.042229438435113,8.754738777808598,7.408114752018329,6.252789648311071,5.117070543995591,3.9905494729245157,2.85277299059963,2.115182140494117,1.6280255692820933,1.6654139783445316
405,6.613722891660018,6.896401340273509,7.522677129551279,9.080481124672003,11.260337626808646,11.585562570100462,10.40800600738469,9.073619991569883,7.677946746297104,6.48054026464024,5.303453908180862,4.1359006126668065,2.9566819405883638,2.1922251985915864,1.6873245138585844,1.7260747523901858
406,6.677113206915562,6.962501033630815,7.594779466256243,9.167514490084159,11.368264185532098,11.696606300804238,10.507763253461885,9.160587595322925,7.751537290191274,6.54265406909365,5.35428573477686,4.175541832596504,2.9850207451307336,2.2132369417090882,1.7034969532885498,1.7426185998571913
407,6.972934678108037,7.270966269297982,7.931257037546077,9.573670195341037,11.871921459574683,12.21481037742212,10.973297068488721,9.566436412837188,8.094959828364283,6.832518489876293,5.591500925558096,4.360534192268525,3.117268499661837,2.3112917429240434,1.7789683372949898,1.8198232213698506
408,7.03632499336358,7.337065962655223,8.003359374251042,9.660703560753259,11.979848018298071,12.325854108125895,11.073054314565914,9.65340401659023,8.168550372258453,6.8946322943297025,5.642332752154061,4.400175412198256,3.1456073042042396,2.332303486041529,1.795140776724939,1.836367068836856
409,7.163105623874669,7.46926534936977,8.14756404766097,9.834770291577636,12.195701135744912,12.547941569533577,11.272568806720235,9.827339224096379,8.315731460046859,7.018859903236522,5.743996405346024,4.479457852057684,3.2022849132889797,2.3743269722765166,1.8274856555848535,1.8694547637708507
410,7.944919512026185,8.284494900775956,9.03682620035553,10.90818179832799,13.526795360000246,13.917480914880928,12.502908175005294,10.899939670384226,9.223348168075583,7.7849301581620365,6.370922266696458,4.96836623119082,3.551796835978361,2.6334718040588996,2.0269457418876136,2.07349554919717
411,9.254986027307107,9.650555230159236,10.526941158924728,12.706871350179947,15.757277573617232,16.212384682760266,14.564557927266767,12.69727014794762,10.744219408556157,9.068615450199363,7.42144668301343,5.787618109738235,4.137465463187547,3.067714495153723,2.361176156773354,2.415401730181819
412,9.233855922221924,9.6285219990402,10.50290704668974,12.67786022837585,15.721302054042749,16.175370105859006,14.531305511907703,12.668280946696607,10.71968922725812,9.047910848714894,7.404502740814776,5.774404369761669,4.128019195006735,3.060710580781233,2.3557853436300484,2.409887114359484
413,9.085945186625654,9.47428938120655,10.334668261044824,12.474782375747443,15.469473417021488,15.916268067550066,14.298538604394318,12.465356537939442,10.547977958171616,8.90297863832354,7.285895145424157,5.681908189925674,4.061895317741183,3.0116831801737556,2.318049651626812,2.371284803603154
414,9.001424766284929,9.386156456730207,10.23853181210487,12.358737888531193,15.32557133872355,15.768209759945032,14.16552894295806,12.349399732935385,10.449857232979346,8.82016023238566,7.218119376629504,5.6290532300193785,4.024110245018002,2.983667522683764,2.296486399053541,2.3492263403138134
415,8.938034451029385,9.320056763372966,10.166429475399907,12.271704523118972,15.217644780000098,15.657166029241255,14.065771696880867,12.262432129182343,10.376266689085176,8.758046427932252,7.16728755003354,5.589412010089648,3.9957714404755995,2.9626557795662785,2.2803139596235917,2.332682492846808
416,9.08594518662559,9.47428938120655,10.334668261044824,12.474782375747443,15.469473417021359,15.916268067550195,14.298538604394253,12.465356537939508,10.547977958171682,8.90297863832354,7.285895145424157,5.681908189925674,4.061895317741183,3.0116831801737556,2.318049651626812,2.371284803603138
417,9.212725817136613,9.606488767921032,10.478872934454753,12.64884910657182,15.685326534468134,16.138355528957877,14.498053096548574,12.639291745445657,10.695159045960152,9.027206247230358,7.38755879861612,5.761190629785103,4.118572926825924,3.0537066664087433,2.3503945304867266,2.4043724985371324
418,8.452042034070278,8.813292447633946,9.613644893995245,11.604448721625497,14.390207829787348,14.805830760511915,13.30096614362258,11.595680500408823,9.812072519229528,8.281840593789314,6.777576879464342,5.285495990628533,3.7785072723173534,2.80156574899885,2.1563252573272718,2.2058463289331485
419,8.304131298474074,8.659059829800299,9.445406108350328,11.40137086899709,14.13837919276609,14.546728722202975,13.068199236109194,11.39275609165166,9.640361250143021,8.136908383398024,6.658969284073692,5.192999810792538,3.712383395051802,2.7525383483913566,2.1185895653240356,2.167244018176819
420,8.85351403068866,9.23192383889656,10.07029302646002,12.155660035902722,15.07374270170229,15.509107721636221,13.932762035444673,12.146475324178223,10.278145963892971,8.675228021994371,7.099511781238854,5.536557050183417,3.9579863677524503,2.9346401220762703,2.2587507070503046,2.3106240295574674
421,9.99453970528813,10.421718319327153,11.368135087149312,13.722260613322176,17.016420758723662,17.50789487430523,15.728392464833762,13.711892191733373,11.60277575398894,9.793276502155939,8.014484659966554,6.250099008918271,4.468084849515305,3.3128514981911263,2.5498546167894864,2.6084132839634515
422,11.832858847698455,12.338609426687526,13.459102851593213,16.2462282102758,20.146290961702498,20.72816306471655,18.621352601071717,16.23395270057225,13.736901526921299,11.594576831305144,9.488607631250066,7.399694386879966,5.28991018124436,3.9221920485983577,3.018855360258158,3.088184860506414
423,13.037274837553468,13.594503600475361,14.82904724898747,17.899862153107474,22.19689557744719,22.837993948089466,20.516740276537934,17.88633717188051,15.135121860911502,12.774739115920122,10.45441233657373,8.152877565544518,5.828347467549585,4.321415167830684,3.326131709427289,3.4025179623793878
424,14.114910196897458,14.718198387548714,16.0547869729718,19.37942936511477,24.03164707574511,24.7257373700547,22.212613459849827,19.364786435682618,16.386161107113235,13.83067379162828,11.318553388705466,8.826778304349675,6.31010714477007,4.678614800828037,3.6010631797365216,3.6837633693183665
425,15.403846607093199,16.062225485812892,17.52086781930601,21.1491077951627,26.22615376978761,26.983626561032647,24.24101079675224,21.133127711994998,17.882502166295712,15.093654482181202,12.352133862823782,9.632816442920525,6.886329503798477,5.105853577550355,3.9299027814789236,4.020154934480664
426,17.199905539333162,17.935050130935128,19.563767359279932,23.61505314850813,29.284072933617477,30.129865597641324,27.067466102271997,23.597209818331844,19.967567576631932,16.8535456083614,13.792368949709985,10.755984340929087,7.68926229916594,5.701186299212607,4.388121898660968,4.488897279378956
427,18.298671003762333,19.080778149127518,20.81354119549925,25.12363148231946,31.154799951489753,32.05462359650782,28.796591700942958,25.104648283385036,21.243137004131704,17.93018488555403,14.673453944040375,11.443098819710778,8.180468244567205,6.065389846582467,4.6684441821135225,4.77565730214027
428,19.143875207169394,19.962107393890943,21.774905684898776,26.284076354482035,32.59382073446847,33.53520667255907,30.12668831530514,26.264216333425924,22.224344256054597,18.758368944932954,15.351211631986839,11.971648418773611,8.558318971798956,6.345546421482335,4.884076707846248,4.996241935033579
429,19.92568909532091,20.777336945297066,22.664167837593336,27.35748786123239,33.92491495872374,34.90474601790629,31.357027683590267,27.336816779713704,23.131960964083323,19.52443919985847,15.978137493337272,12.46055679790678,8.907830894488304,6.604691253264734,5.083536794149024,5.200282720459898
430,22.017569498753346,22.958626826086466,25.043544948857157,30.2295889198347,37.48649139659613,38.56918913113298,34.64901680413686,30.20674770356488,25.56044891259262,21.574194746821377,17.65558777100471,13.76871705558733,9.84301144438684,7.298078776141957,5.617227295337524,5.74622968687085
431,25.31386589204073,26.395810880663703,28.792866457515238,34.75532392126869,43.09867245021321,44.34346312773258,39.83639360014968,34.72906309872425,29.387157195092055,24.804112578399263,20.29884275399575,15.830060491932434,11.316629280590632,8.390689418251489,6.458194145695155,6.606509755154775
432,26.454891566640203,27.5856053610943,30.090708518204597,36.32192449868814,45.04135050723458,46.34225028040172,41.63202402953876,36.294479966279404,30.711786985188024,25.922161058560828,21.213815632723385,16.54360245066729,11.826727762353487,8.76890079436633,6.749298055434338,6.904299009560759
433,28.272080603965282,29.480463237335567,32.157642170413574,38.816880973837605,48.13524519063893,49.52550389391178,44.49173175041766,38.787551273867265,32.82138257682235,27.702756786225564,22.670994661808177,17.679984088652418,12.639106825901731,9.371237430401086,7.212907985759704,7.378555970281387
434,28.77920312600944,30.009260784193625,32.73446086405329,39.51314789713518,48.99865766042616,50.41385373954251,45.28978971903494,39.4832921038918,33.410106927976166,28.199667221852906,23.07764927457603,17.99711384809013,12.865817262240755,9.539331375341005,7.342287501199329,7.510906750017382
435,29.73005785484234,31.000756184552433,33.815995914627756,40.81864837831803,50.617556041277176,52.07950970010006,46.78614841019252,40.787806160187756,34.51396508638949,29.13137428865418,23.840126673515766,18.59173214703586,13.290899330376435,9.854507522103388,7.584874092648647,7.759064462022366
436,32.07549951929683,33.44644483877086,36.48378237271137,44.0388828985691,54.61083871404325,56.188127736142114,50.47716651504769,44.00560749905123,37.23681521047566,31.429585053430724,25.72090425756713,20.058457284435267,14.339435098444515,10.63194201745057,8.18325435155696,8.371186818301307
437,32.22341025489303,33.600677456604444,36.652021158356284,44.2419607511975,54.8626673510645,56.44722977445105,50.70993342256107,44.20853190780839,37.40852647956217,31.574517263822013,25.83951185295778,20.15095346427126,14.405558975710067,10.680969418058046,8.220990043560196,8.409789129057637
438,29.98361911586439,31.265154957981395,34.10440526144761,41.16678183996665,51.04926227617086,52.523684622915425,47.18517739450116,41.13567657520012,34.80832726196643,29.379829506467818,24.04345397989976,18.750297026754716,13.404254548545948,9.938554494573363,7.649563850368476,7.8252398518903545
439,30.152659956545772,31.44142080693408,34.29667815932752,41.39887081439916,51.337066432766605,52.81980123812563,47.45119671737354,41.3675901852083,35.00456871235104,29.54546631834358,24.179005517489063,18.856006946567277,13.479824693992311,9.994585809553346,7.692690355515018,7.869356778469004
440,29.962489010779205,31.24312172686236,34.080371149212624,41.137770718162564,51.01328675659637,52.486670046014034,47.15192497914203,41.10668737394917,34.7837970806684,29.35912490498335,24.02651003770117,18.73708328677815,13.394808280365169,9.931550580200874,7.644173037225154,7.819725236068019
441,31.9909790989561,33.358311914294454,36.38764592377148,43.922838411352714,54.466936635745434,56.04006942853682,50.34415685361143,43.889650694047305,37.13869448528346,31.346766647492846,25.653128488772577,20.005602324529004,14.301650025721367,10.603926359960594,8.161691098983706,8.349128355011967
442,33.23765529898147,34.658272550320426,37.80565854563578,45.63449459779252,56.5894922906391,58.22392946571225,52.30604935979578,45.60001356785766,38.5859751818698,32.56833813507683,26.652821078493552,20.78521298314672,14.858979848388183,11.017157307937916,8.47974907443948,8.67449068852961
443,34.48433149900685,35.9582331863464,39.22367116750008,47.346150784232314,58.71204794553277,60.40778950288768,54.26794186598012,47.31037644166794,40.03325587845614,33.78990962266081,27.652513668214528,21.564823641764438,15.416309671054998,11.430388255915236,8.797807049895255,8.999853022047253
444,36.99881400414279,38.580187689517516,42.0837305234636,50.79847427891595,62.99313477489458,64.81252415413994,58.22497929370781,50.760091390539465,42.952347452926915,36.25375719931318,29.66884278985513,23.13725869897644,16.54041558456944,12.263854066242386,9.43931381395011,9.65609230490486
445,44.584521729720954,46.490117661269,50.7119768158242,61.213467006574966,75.90834630212885,78.1007572616992,70.16259640760902,61.16721463965626,51.75868253893532,43.686709132239166,35.751718039174385,27.880991350565573,19.931625861474295,14.778259325968845,11.374615732401319,11.635839385122365
446,46.99335370943105,49.00190600884467,53.451865610612785,64.5207348922382,80.00955553361824,82.32041902844503,73.95337175854158,64.47198358227277,54.55512320691566,46.04703370146918,37.68332744982172,29.387357707894676,21.008500434084745,15.576705564433496,11.989168430739596,12.264505588868312
447,47.923078333178765,49.971368178084376,54.50936654895226,65.79722425161708,81.59247839489477,83.94906041210132,75.41647803434014,65.74750843731765,55.63445118403089,46.95803616678599,38.42886090656274,29.96876226686381,21.424136234039647,15.884877796823373,12.226364209045594,12.50714868505096
448,50.881293045103384,53.05602053475631,57.87414226185053,69.858781304186,86.62905113532035,89.13110117828053,80.07181618460812,69.80599661246067,59.06867656576118,49.856680374612225,40.80101281437529,31.818685863583823,22.746613779350714,16.865425808972955,12.98107804911014,13.279194900177572
449,52.59283155700262,54.840712255402195,59.8209053528845,72.20868217031511,89.54306822085242,92.12928190728417,82.76526182869176,72.15412191379346,61.05562125090513,51.533753094854546,42.17347213246681,32.88899880168609,23.511761501994993,17.432742873145212,13.417733913718914,13.725878781786523
450,52.656221872258165,54.90681194875943,59.89300768958947,72.29571553572727,89.65099477957587,92.24032563798808,82.86501907476902,72.2410895175465,61.12921179479937,51.59586689930796,42.22430395906277,32.928640021615784,23.540100306537365,17.453754616262717,13.433906353148862,13.742422629253529
451,54.00854859770938,56.316938740380856,61.431190872628704,74.15242733118741,91.95342803234182,94.60925855966993,84.99317365774876,74.09639839761192,62.69914339787608,52.92096139431429,43.30871625977709,33.77431938011633,24.14466147010814,17.90200513610252,13.778918394321229,14.095358041882848
452,48.89506316709679,50.98489680956235,55.614935711761646,67.1317358546039,83.2473522953204,85.65173094956026,76.94608914085711,67.0810116948647,56.76283952374232,47.910447835071736,39.20828224770113,30.57659430578607,21.858664570356105,16.20705785795823,12.474341613638233,12.76082101287828
453,50.5220812586553,52.6814556057319,57.46556235385573,69.36559223351689,86.01746730255452,88.50185337095874,79.50652512350436,69.3131801911933,58.651663483694,49.50470214937617,40.512965796998024,31.594052283982105,22.586027220277206,16.746359264640528,12.88943422567372,13.185446431197922
454,50.585471573910844,52.747555299089136,57.537664690560696,69.45262559892906,86.12539386127797,88.61289710166264,79.60628236958148,69.40014779494634,58.725254027588235,49.56681595382958,40.563797623594056,31.633693503911804,22.614366024819578,16.767371007757998,12.905606665103685,13.201990278664912
455,48.78941264167094,50.8747306539669,55.49476515058677,66.98668024558356,83.0674746974481,85.46665806505384,76.77982706406172,66.93606568860949,56.640188617252015,47.80692482764938,39.12356253670786,30.510525605903176,21.811433229452145,16.17203828609575,12.44738754792164,12.733247933766604
456,48.70489222133022,50.78659772949056,55.398628701646885,66.8706357583673,82.92357261915016,85.31859975744867,76.64681740262547,66.8201088836053,56.54206789205968,47.724106421711504,39.05578676791323,30.45767064599691,21.773648156728964,16.144022628605757,12.425824295348368,12.71118947047728
457,48.620371800989496,50.69846480501422,55.302492252706934,66.75459127115106,82.77967054085222,85.17054144984351,76.51380774118921,66.70415207860125,56.443947166867346,47.64128801577356,38.988010999118615,30.404815686090647,21.735863084005782,16.116006971115763,12.404261042775099,12.689131007187939
458,46.042498980598076,48.0104106084858,52.37033056003838,63.2152344110552,78.39065715276709,80.65476306788749,72.45701306738427,63.16746952597662,53.4512650485024,45.11532663466778,36.92085005088198,28.79273940894895,20.58341836594897,15.26152941767113,11.746581839290277,12.01634787686331
459,46.359450556875736,48.340909075272,52.730842243563266,63.65040123811624,78.9302899463841,81.20998172140675,72.95579929777016,63.60230754474196,53.81921776797338,45.42589565693489,37.17500918386194,28.990945508597502,20.725112388660882,15.366588133258574,11.827444036440056,12.099067114198322
460,43.78157773648426,45.652854878743646,49.79868055089472,60.11104437802039,74.54127655829896,76.69420333945072,68.89900462396534,60.06562499211733,50.82653564960843,42.89993427582912,35.1078482356253,27.378869231455806,19.57266767060407,14.512110579813907,11.169764832955252,11.426283983873693
461,43.528016475462145,45.38845610531462,49.51027120407486,59.76291091637164,74.1095703234054,76.25002841663536,68.4999756396567,59.71775457710516,50.53217347403149,42.651479058015475,34.90452092924137,27.22030435173695,19.459312452434556,14.428063607343963,11.105075075235439,11.36010859400569
462,44.09852931276185,45.98335334552985,50.15919223441948,60.54621120508143,75.0809093519161,77.24942199297,69.39779085435111,60.500463010882676,51.19448836907941,43.21050329809623,35.362007368605255,27.577075331104425,19.714361693315986,14.617169295401384,11.250627030105031,11.509003221208673
463,44.77469267548752,46.68841674134059,50.9282838259391,61.474567102811434,76.23212597829908,78.43388845381092,70.46186814584091,61.42811745091539,51.97945417061783,43.87305054559939,35.90421351896235,27.999915010354666,20.016642275101407,14.841294555321285,11.423133050691197,11.685470927523331
464,41.943258594073995,43.735963771383275,47.70771278645069,57.587076781066834,71.41140635532027,73.47393514903953,66.00604448772732,57.54356448327845,48.692409876676074,41.098633946679975,33.633725264341784,26.22927385349411,18.75084233887508,13.902770029406676,10.700764089486565,10.946512407330731
465,42.260210170351584,44.06646223816954,48.068224469975576,58.02224360812774,71.95103914893727,74.02915380255867,66.50483071811323,57.9784025020438,49.06036259614718,41.40920296894709,33.88788439732168,26.42747995314273,18.892536361586995,14.00782874499412,10.781626286636342,11.029231644665742
466,43.844968051739734,45.71895457210095,49.87078288759962,60.198077743432414,74.64920311702242,76.80524707015464,68.99876187004247,60.152592595870374,50.90012619350273,42.96204808028259,35.1586800622212,27.41851045138557,19.601006475146505,14.533122322931408,11.185937272385218,11.442827831340699
467,43.0420240585031,44.881691789575726,48.95748662267007,59.095655114877964,73.28213337319254,75.39869314790602,67.73517008639828,59.05100294833158,49.96797930417597,42.1752732238726,34.514810258672114,26.916388332275865,19.242048284276343,14.266973576776536,10.981086372939119,11.233272430092061
468,43.358975634780755,45.212190256362064,49.31799830619483,59.530821941938875,73.82176616680954,75.95391180142516,68.23395631678406,59.48584096709692,50.33593202364708,42.485842246139654,34.768969391652,27.11459443192442,19.38374230698826,14.372032292363981,11.061948570088882,11.315991667427072
469,41.45726617711495,43.22919945564445,47.1549282050459,56.91982097957316,70.58396940510738,72.62259988030993,65.24123893446904,56.876812854505,48.12821570682042,40.6224281125371,33.244014593772526,25.925357834032962,18.533578170716833,13.741679998839247,10.576775387190244,10.819676243417137
470,38.30888051942371,39.946248018900796,43.5738454820326,52.59716383076765,65.22361698851157,67.1074279220194,60.286629045969676,52.55742186810273,44.473218693407425,37.537442491350575,30.719367206172073,23.956510577523854,17.126084211778593,12.698096757337193,9.77354422883585,9.997998485889541
471,40.12606955674879,41.84110589514213,45.64077913424158,55.09212030591724,68.31751167191591,70.29068153552946,63.14633676684856,55.05049317569059,46.582814285041685,39.31803821901524,32.17654623525693,25.092892215508982,17.938463275326836,13.300433393371934,10.237154159161198,10.472255446610168
472,37.42141610584635,39.0208523118993,42.5644127681631,51.378696714997076,63.712645166384,65.55281569216575,58.89002760088923,51.339875415559746,43.442951078888264,36.66784922900258,30.007721633828364,23.401533498507824,16.729340948185285,12.403932353692328,9.547130076816464,9.766384621351563
473,35.012584126136325,36.50906396432362,39.82452397337446,48.071428829333854,59.61143593489461,61.33315392541993,55.09925224995667,48.035106472943234,40.64651041090786,34.307524659772625,28.076112223181035,21.895167141178717,15.652466375574834,11.605486115227645,8.93257737847817,9.137718417605615
474,34.35755086849583,35.82603379963192,39.07946649408989,47.17208405340794,58.49619482808612,60.18570204148026,54.06842737382586,47.13644123416153,39.886074790667536,33.665682013753994,27.55085001502253,21.485541201904976,15.359632061970258,11.388364769680233,8.765462171035324,8.966765327113308
475,33.681387505770154,35.120970403821175,38.310374902570274,46.243728155677935,57.34497820170314,59.00123558063933,53.00435008233607,46.20878679412882,39.10110898912925,33.003134766250824,27.008643864665373,21.062701522654738,15.057351480184836,11.164239509760332,8.592956150449156,8.790297620798649
476,32.624882251511345,34.01930884786699,37.108669290821,44.79317206547473,55.54620222297971,57.150506735575355,51.34172931438324,44.75932673157773,37.87459992422568,31.967904692027073,26.161446754732292,20.40201452382618,14.585038071145195,10.814043791135484,8.32341549328323,8.514566829681987
477,33.13200477355557,34.548106394725046,37.685487984460714,45.48943898877236,56.40961469276694,58.03885658120608,52.13978728300052,45.45506756160233,38.46332427537943,32.46481512765435,26.568101367500145,20.71914428326389,14.811748507484253,10.982137736075401,8.452795008722855,8.646917609417967
478,30.723172793845542,32.03631804714938,34.945599189672194,42.18217110310901,52.30840546127755,53.81919481446026,48.34901193206809,42.15029861898581,35.66688360739902,30.104490558424395,24.63649195685275,19.21277792593472,13.734873934873804,10.18369149761075,7.838242310384593,8.01825140567202
479,31.674027522678443,33.02781344750825,36.027134240246596,43.487671584291874,53.92730384212856,55.48485077501781,49.84537062322566,43.454812675281836,36.77074176581235,31.036197625225732,25.39896935579249,19.80739622488045,14.159956003009484,10.498867644373117,8.080828901833911,8.266409117676988
480,29.434236383649868,30.692290948885265,33.479518343337986,40.41249267306115,50.113898767234915,51.56130562348205,46.32061459516574,40.38195734267356,34.17054254821661,28.841509867871537,23.602911482734466,18.406739787363872,13.158651575845365,9.756452720888449,7.509402708642191,7.68185984050969
481,28.229820393794917,29.43639677509743,32.10957394594373,38.75885873022954,48.06329415149022,49.451474740109134,44.425226919699526,38.72957287136536,32.77232221422634,27.66134758325656,22.6371067774108,17.653556608699287,12.62021428954014,9.357229601656107,7.202126359473043,7.3675267386367
482,26.264720620873568,27.387306281022575,29.8744015080899,36.060824402451544,44.71757083106461,46.00911908829013,41.33275229130725,36.033577155020275,30.491015353505514,25.735819645200536,21.06132015293536,16.42467879087813,11.741711348726378,8.705865565013871,6.7007807371444414,6.854667467159743
483,25.165955156444397,26.241578262830185,28.624627671870517,34.55224606864015,42.84684381319221,44.08436108942351,39.60362669263629,34.52613868996715,29.215445926005618,24.659180368007974,20.180235158605033,15.73756431209644,11.25050540332508,8.341662017644012,6.420458453691903,6.567907444398445
484,23.306505908948957,24.302653924350643,26.509625795191692,31.999267349882498,39.68099809063902,40.8270783221108,36.67741414103927,31.97508897987726,27.056789971775157,22.837175437374363,18.689168245122932,14.57475519415818,10.419233803415214,7.725317552864291,5.94606689707991,6.082621252033148
485,21.911918973327374,22.848460670490958,24.92337438768248,30.08453331081429,37.306613798724094,38.38411624662643,34.48275472734154,30.06180169730981,25.43779800610238,21.47067173939909,17.57086806001137,13.7026483557045,9.795780103482814,7.263059204279476,5.590273229620932,5.718656607759191
486,22.6092124411381,23.575557297420737,25.71650009143715,31.041900330348394,38.49380594468156,39.60559728436861,35.580084434190475,31.018445338593533,26.247293988938768,22.153923588386665,18.13001815256718,14.138701774931308,10.107506953448981,7.4941883785718675,5.7681700633504205,5.900638929896169
487,21.785138342816158,22.716261283776475,24.779169714272548,29.910466579989848,37.09076068127719,38.16202878521887,34.283240235187286,29.887866489803724,25.29061691831391,21.34644413049214,17.469204406819376,13.62336591584504,9.73910249439801,7.2210357180444715,5.557928350761033,5.68556891282518
488,21.38366634619771,22.297629892513864,24.32252158180771,29.35925526571256,36.40722580936238,37.45875182409457,33.651444343365256,29.3370716660342,24.82454347365053,20.95305670228702,17.147269505044797,13.372304856290222,9.559623398962945,7.087961344967035,5.455502901037984,5.58079121220086
489,21.024454559749756,21.923064963489328,23.913941673812978,28.86606619504359,35.79564197659641,36.82950401677278,33.08615328226136,28.844255244766828,24.40753039158322,20.60107847705097,16.85922248766753,13.147671276688536,9.399036839889439,6.968894800634579,5.363859077601579,5.487042743221211
490,19.56647730887263,20.402772016272397,22.255587929598732,26.864298790563225,33.31333112595803,34.275498210584765,30.791736622486496,26.844000358446333,22.71494788201614,19.172460974622222,15.69009047595994,12.235923218305093,8.747244335414702,6.485624708932294,4.991892970712635,5.106534251480233
491,17.664767851206825,18.419781215554785,20.092517828449804,24.253297828197383,30.075534364255873,30.944186289469663,27.79901924017148,24.234972245854287,20.507231565189482,17.309046841019544,14.165135678080462,11.046686620413636,7.897080199143277,5.855272415407561,4.506719787813998,4.6102188274702645
492,17.55911732578092,18.309615059959338,19.972347267274795,24.108242219177036,29.89565676638345,30.75911340496324,27.632757163376223,24.090026239599215,20.384580658699115,17.20552383359726,14.080415967087122,10.980617920530742,7.849848858239317,5.820252843545079,4.479765722097389,4.582645748358573
493,13.8824790409604,14.475832845238594,15.790411738386865,19.060307025269918,23.635916360426044,24.31857702414059,21.846836890900313,19.045905221921334,16.11632911283427,13.602923175298981,11.132170024520097,8.681427164607353,6.206198194781272,4.6015717427305844,3.541764235160047,3.6231025952726474
494,13.227445783320036,13.792802680546888,15.045354259102298,18.160962249343875,22.52067525361755,23.171125140200925,20.816012014769512,18.147239983139634,15.355893492593948,12.96108052928035,10.606907816361659,8.271801225333613,5.9133638811767275,4.384450397183173,3.374649027717169,3.452149504780339
495,12.50902221042413,13.043672822498072,14.228194443112702,17.17458410800568,21.297507588085605,21.91262952555735,19.685429892561583,17.161607140604897,14.521867328459459,12.257124078808374,10.030813781607192,7.822534066130174,5.592190763029715,4.146317308518259,3.191361380844358,3.264652566821009
496,11.008784749376641,11.479313413043071,12.521772474428483,15.114794459917123,18.74324569829826,19.284594565566554,17.324508402068595,15.103373851782376,12.78022445629618,10.787097373410818,8.82779388550229,6.884358527793601,4.921505722193355,3.6490393880709626,2.8086136476687704,2.87311484343536
497,10.987654644291458,11.457280181924034,12.497738362193559,15.085783338113028,18.707270178723775,19.247579988665166,17.291255986709466,15.07438465053136,12.75569427499808,10.766392771926414,8.81084994330357,6.871144787817035,4.912059454012576,3.642035473698473,2.8032228345254486,2.8676002276130412
498,11.621557796846641,12.118277115496571,13.218761729243202,15.956116992234977,19.786535765957783,20.358017295703707,18.288828447481137,15.944060688062043,13.4915997139403,11.38753081646064,9.319168209263353,7.267556987114209,5.195447499436406,3.852152904873362,2.9649472288250047,3.0330387022830303
499,10.290361176480603,10.730183554994255,11.704612658439016,14.128416318578925,17.520078032766314,18.02609895092298,16.193926279860534,14.117741009247636,11.94619829216156,10.083140922938712,8.251699850747757,6.435091368590228,4.600332604046408,3.4109062994060486,2.625326000795959,2.6856179054760623
500,9.825498864606743,10.245452470374403,11.175862189269278,13.490171638889608,16.728616602127918,17.21177825909503,15.462373141961248,13.479978581725195,11.40653430360401,9.627639690280246,7.878933122377281,6.144389089105646,4.392514704068942,3.2568201832111106,2.506728111642945,2.5642963573847544
501,8.621082874751664,8.989558296586567,9.80591779187489,11.836537696057999,14.678011986383353,15.101947375722116,13.56698546649503,11.827594110416872,10.008313969613871,8.447477405665268,6.913128417053615,5.391205910441061,3.8540774177636843,2.8575970639787687,2.1994517624737973,2.249963255511797
502,8.325261403559125,8.6810930609194,9.469440220585057,11.430381990801184,14.174354712340573,14.583743299104233,13.101451651468258,11.421745292902674,9.664891431440862,8.15761298488256,6.675913226272379,5.206213550769072,3.721829663232581,2.7595422627638135,2.123980378467325,2.1727586339991376
503,7.670228145918633,7.998062896227826,8.72438274130049,10.531037214875141,13.05911360553208,13.436291415164565,12.070626775337457,10.523080054120978,8.904455811200673,7.515770338863798,6.1506510181138765,4.796587611495332,3.4289953496280368,2.5424209172164347,1.9568651710244467,2.0018055435068294
504,7.036324993363451,7.337065962655288,8.003359374250847,9.660703560753193,11.979848018298071,12.325854108126284,11.073054314565784,9.653404016590295,8.168550372258583,6.894632294329573,5.642332752154094,4.400175412198223,3.145607304204207,2.332303486041513,1.7951407767248904,1.8363670688368399
505,5.853039108593683,6.1032050199866195,6.657449089091513,8.036080739725678,9.96521892212773,10.2530378016545,9.210919054458568,8.030008746533115,6.794860219566544,5.735174611199129,4.693471989029084,3.660205973510204,2.6166162860797937,1.9400842811816932,1.493255240699065,1.5275485827862016
506,5.979819739104771,6.235404406701101,6.801653762501441,8.21014747055012,10.181072039574635,10.475125263062312,9.410433546612824,8.2039439540392,6.942041307355014,5.8594022201060785,4.795135642221014,3.7394884133696644,2.6732938951645986,1.9821077674166645,1.5256001195589957,1.5606362777202125
507,5.578347742486455,5.81677301543849,6.345005630036732,7.65893615627283,9.497537167659695,9.771848301938007,8.778637654790796,7.653149130269802,6.475967862691634,5.466014791901086,4.473200740446438,3.488427353814846,2.4938147997295346,1.849033394339228,1.4231746698359464,1.4558585770958936
508,5.282526271294046,5.5083077797713225,6.008528058746898,7.252780451015886,8.993879893616915,9.253644225320127,8.313103839764024,7.247300312755605,6.132545324518625,5.176150371118378,4.235985549665137,3.3034349941428576,2.361567045198431,1.7509785931242732,1.3477032858295064,1.378653955583234
509,4.648623118738864,4.847310846198785,5.287504691697255,6.382446796893938,7.914614306382906,8.143206918281846,7.315531378992351,6.377624275224922,5.3966398855764055,4.555012326584152,3.727667283705354,2.9070227948456835,2.078178999774601,1.5408611619493513,1.1859788915299825,1.2132154809132447
510,4.690883328909227,4.891377308436988,5.335572916167231,6.440469040502129,7.986565345531874,8.217236072084363,7.3820362097104795,6.4356026777269495,5.445700248172476,4.596421529553221,3.761555168102729,2.9334502747988154,2.0970715361361596,1.554868990694331,1.196760517816626,1.224244712557915
511,4.627493013653683,4.825277615079748,5.263470579462202,6.353435675089973,7.878638786808422,8.106192341380458,7.282278963633352,6.348635073973908,5.372109704278175,4.5343077250997466,3.710723341506764,2.8938090548690525,2.0687327315937574,1.533857247576829,1.180588078386693,1.2077008650908934
512,4.373931752631506,4.560878841650655,4.975061232642345,6.00530221344122,7.44693255191487,7.662017418565093,6.883249979324709,6.000764658961608,5.077747528701236,4.285852507285979,3.507396035122838,2.735244175150196,1.9553775134242122,1.4498102751068538,1.115898320666864,1.141525475222904
513,3.4864673390540184,3.6354831346491534,3.9656285187728435,4.786835097670519,5.935960729787049,6.10740518871119,5.486648534244393,4.7832182064187565,4.047479914182206,3.416259244937984,2.7957504627790644,2.1802670961341653,1.5586342498309023,1.155645871461989,0.8894841686474787,0.9099116106849253
514,3.35968670854293,3.5032837479346717,3.821423845362915,4.612768366846207,5.7201076123401435,5.885317727303378,5.287134042090007,4.609282998912671,3.900298826393737,3.2920316360311648,2.694086809587069,2.1009846562747043,1.5019566407461622,1.1136223852270177,0.8571392897875805,0.8768239157509145
515,3.190645867861479,3.3270178989819863,3.62915094748301,4.380679392413705,5.432303455744529,5.589201112093049,5.021114719217492,4.3773693889044285,3.704057376009067,3.1263948241554056,2.5585352719978283,1.9952747364621766,1.4263864952997989,1.0575910702470341,0.8140127846410385,0.8327069891722333
516,2.7891738712431624,2.9083865077193747,3.172502815018301,3.829468078136545,4.748768583829587,4.885924150968743,4.389318827395333,3.8265745651350307,3.2379839313456875,2.733007395950413,2.2366003702231865,1.7442136769073582,1.2469073998647349,0.9245166971695978,0.7115873349179894,0.7279292885479143
517,2.472222294965572,2.5778880409330407,2.8119911314934143,3.394301251075506,4.209135790212583,4.330705497449734,3.8905325970094315,3.3917365463696894,2.870031211874578,2.4224383736833,1.9824412372432951,1.5460075772588036,1.1052133771528523,0.8194579815821531,0.6307251377682276,0.6452100512129034
518,2.091880403432437,2.1812898807894663,2.3793771112636284,2.8721010586023112,3.5615764378721257,3.664443113226558,3.291989120546402,2.8699309238513058,2.428487948509298,2.0497555469628423,1.6774502776673736,1.308160257680551,0.9351805498985674,0.6933875228772065,0.5336905011885003,0.5459469664109358
519,2.1341406136027996,2.22535634302767,2.4274453357336045,2.930123302210372,3.633527477021094,3.738472267029075,3.358493951264531,2.927909326353334,2.477548311105498,2.091164749931782,1.7113381620647488,1.334587737633683,0.9540730862601906,0.7073953516222186,0.5444721274751438,0.556976198055606
520,2.0496201932620743,2.137223418551262,2.3313088867936522,2.814078814994121,3.489625398723157,3.5904139594240405,3.225484289828273,2.8119525213492773,2.379427585913228,2.0083463439939027,1.6435623932701933,1.281732777727419,0.916288013537009,0.6793796941322269,0.5229088749018891,0.5349177347662655
521,1.7960589322398977,1.872824645122169,2.042899539973795,2.4659453533453677,3.0579191638296055,3.1462390366086765,2.82645530551963,2.464082106336978,2.0850654103362882,1.7598911261801342,1.4402350868863323,1.1231678980085624,0.802932795367464,0.5953327216622516,0.4582191171820601,0.4687423448982762
522,1.6904084068139906,1.7626584895267245,1.922728978798919,2.320889744325151,2.878041565957184,2.9611661521022534,2.6601932287243732,2.319136100081908,1.9624145038459184,1.65636811875772,1.355515375893057,1.0570991981256677,0.7557014544635032,0.56031314979977,0.43126505146545113,0.4411692657866167
523,1.7115385118991722,1.7846917206457615,1.9467630910338423,2.3499008661291163,2.9140170855316683,2.998180729003382,2.6934456440835026,2.3481253013329217,1.9869446851440185,1.6770727202422546,1.3724593180917768,1.0703129381022336,0.7651477226442823,0.5673170641722598,0.4366558646087729,0.4466838816089681
524,1.9439696678360374,2.0270572629556876,2.2111383256187764,2.6690232059739043,3.3097478008507357,3.405341074917357,3.059222213033146,2.667006515094207,2.2567766794228583,1.9048233365713583,1.5588426822770478,1.2156640778445242,0.8690566726329833,0.6443601222697127,0.49595480918524765,0.5073446556546385
525,1.7960589322397678,1.8728246451220392,2.0428995399739245,2.4659453533454974,3.0579191638296055,3.1462390366084168,2.8264553055197603,2.464082106336978,2.0850654103362882,1.7598911261800043,1.4402350868863973,1.1231678980084976,0.802932795367464,0.5953327216622516,0.4582191171820276,0.4687423448983087
526,1.6270180915584465,1.6965587961693538,1.8506266420940196,2.2338563789129955,2.770115007233991,2.850122421398347,2.5604359826473746,2.2321684963287356,1.8888239599516186,1.5942543143042454,1.3046835492970266,1.0174579781959696,0.7273626499211007,0.5393014066822681,0.41509261203548575,0.4246254183196275
527,1.5213675661326695,1.586392640574039,1.7304560809190142,2.088800769892649,2.5902374093618294,2.665049536891924,2.3941739058521176,2.087222490073535,1.7661730534612485,1.4907313068819608,1.2199638383036862,0.9513892783131398,0.6801313090171399,0.5042818348197865,0.3881385463188768,0.397052339207968
528,1.436847145792074,1.4982597160977613,1.6343196319790618,1.972756282676398,2.4463353310638922,2.5169912292868895,2.26116424441586,1.9712656850694787,1.6680523282689788,1.4079129009440814,1.152188069508936,0.8985343184068759,0.6423462362939583,0.47626617732979476,0.3665752937456221,0.37499387591862743
529,1.2466762000255716,1.299960636026039,1.4180126218641038,1.7116561864398006,2.1225556548937936,2.1838600371754313,1.9618925061843453,1.710362873810222,1.4472806965863387,1.2215714875839174,0.9996925897209751,0.7796106586177173,0.5573298226668157,0.41323094797732146,0.3180579754557584,0.3253623335176274
530,1.162155779684846,1.211827711549761,1.3218761729241513,1.5956116992235496,1.9786535765961162,2.0358017295703967,1.8288828447480878,1.5944060688060355,1.349159971394069,1.138753081646038,0.9319168209263547,0.7267556987114533,0.519544749943699,0.3852152904873622,0.29649472288247125,0.3033038702282868
531,0.9508547288331621,0.9914954003588718,1.0815350505742702,1.305500481182857,1.6188983808515331,1.6656559605575498,1.4963586911575735,1.3045140562957644,1.1038581584133291,0.9317070668013392,0.7624773989396739,0.5946182989457286,0.42508206813577737,0.3151761467623991,0.2425865914493183,0.24815771200496783
532,1.0776353593442505,1.1236947870734835,1.225739723984199,1.4795672120072985,1.834751498298179,1.887743421965362,1.6958731833118301,1.478449263801979,1.251039246201799,1.0559346757081585,0.8641410521316045,0.6739007388051894,0.4817596772205174,0.35719963299737045,0.27493147030921655,0.28124540693894623
533,1.2466762000255716,1.2999606360261688,1.4180126218641038,1.7116561864398006,2.1225556548937936,2.1838600371754313,1.9618925061842154,1.710362873810222,1.4472806965864689,1.2215714875839174,0.9996925897209751,0.7796106586177173,0.5573298226668807,0.41323094797735394,0.3180579754557584,0.3253623335176274
534,1.098765464429302,1.1457280181925202,1.2497738362192519,1.5085783338113938,1.8707270178724034,1.9247579988664907,1.7291255986708296,1.5074384650531232,1.275569427499899,1.0766392771925635,0.8810849943303245,0.6871144787816904,0.4912059454012966,0.36420354736986027,0.28032228345253835,0.2867600227612976
535,1.0353751491737577,1.0796283248352796,1.1776714995142226,1.421544968399108,1.7628004591492104,1.8137142681625846,1.6293683525937013,1.4204708612999508,1.201978883605729,1.0145254727392188,0.8302531677344243,0.6474732588519926,0.462867140858959,0.3431918042523908,0.26414984402257297,0.2702161752943084
536,0.993114939003395,1.0355618625970757,1.1296032750442464,1.3635227247909174,1.690849420000242,1.7396851143600673,1.5628635218755724,1.3624924587979226,1.152918521009529,0.973116269770279,0.7963652833371141,0.6210457788988606,0.4439746044974007,0.3291839755074112,0.25336821773596185,0.2591869436496381
537,0.9085945186626694,0.947428938120668,1.0334668261042939,1.2474782375746665,1.5469473417023047,1.5916268067550325,1.4298538604393147,1.2465356537938663,1.054797795817129,0.8902978638323995,0.7285895145424937,0.5681908189925318,0.40618953177421907,0.30116831801741945,0.23180496516270718,0.23712848036029754
538,0.8240740983219439,0.8592960136443902,0.9373303771643415,1.1314337503584153,1.4030452634043675,1.443568499149998,1.2968441990030573,1.1305788487898099,0.9566770706248592,0.80747945789452,0.6608137457478733,0.5153358590862679,0.3684044590510374,0.27315266052742765,0.21024171258942,0.21507001707095696
539,0.7606837830663997,0.7931963202871495,0.8652280404593122,1.0444003849461296,1.2951187046811745,1.332524768446092,1.197086952925929,1.0436112450366377,0.8830865267306892,0.7453656534411753,0.609981919151973,0.4756946391565699,0.34006565450869986,0.2521409174099582,0.19406927315945463,0.19852616960396777
540,0.5705128372998972,0.594897240215427,0.6489210303443542,0.7833002887095323,0.9713390285110758,0.9993935763346339,0.8978152146944142,0.7827084337773808,0.6623148950480494,0.5590242400810114,0.45748643936401223,0.35677097936747615,0.2550492408815574,0.1891056880574849,0.14555195486959097,0.1488946272029677
541,0.8029439932368925,0.8372627825253532,0.9132962649291585,1.1024226285541903,1.3670697438301431,1.4065539222486092,1.2635917836440578,1.1015896475386657,0.9321468893268892,0.786774856410245,0.6438698035492832,0.5021221191097668,0.3589581908702582,0.26614874615493783,0.20485089944609822,0.20955540124863806
542,0.8029439932368925,0.8372627825253532,0.9132962649291585,1.1024226285541903,1.3670697438301431,1.4065539222486092,1.2635917836440578,1.1015896475386657,0.9321468893268892,0.786774856410245,0.6438698035492832,0.5021221191097668,0.3589581908702582,0.26614874615493783,0.20485089944609822,0.20955540124863806
543,0.9719848339183434,1.0135286314780387,1.1055691628090634,1.3345116029866924,1.6548739004257575,1.7026705374586786,1.529611106516573,1.3335032575469086,1.128388339711559,0.952411668286004,0.7794213411385239,0.6078320389223596,0.4345283363165566,0.3221800611348889,0.2479774045926401,0.25367232782731924
544,0.9931149390035249,1.0355618625970757,1.1296032750441165,1.3635227247907875,1.690849420000242,1.7396851143598073,1.5628635218757023,1.3624924587979226,1.1529185210096589,0.9731162697704089,0.7963652833371141,0.6210457788989255,0.4439746044973357,0.3291839755073787,0.25336821773596185,0.2591869436496706
545,1.1410256745997944,1.189794480430724,1.2978420606889682,1.5666005774191945,1.942678057021632,1.9987871526687482,1.7956304293890883,1.5654168675550213,1.3246297900962287,1.118048480161763,0.9149728787277647,0.7135419587349523,0.5100984817629198,0.3782113761148724,0.29110390973918193,0.2977892544060004
546,1.4579772508773854,1.5202929472169282,1.658353744213855,2.0017674044802334,2.4823108506386364,2.554005806188018,2.2944166597749893,2.000254886320363,1.6925825095673386,1.428617502428876,1.169132011707656,0.9117480583835069,0.6517925044748024,0.48327009170231705,0.37196610688897636,0.38050849174097884
547,1.5424976712181109,1.6084258716932058,1.7544901931538075,2.1178118916964843,2.626212928936314,2.702064113793053,2.427426321211247,2.116211691324549,1.7907032347596084,1.5114359083667555,1.2369077805022763,0.9646030182897708,0.689577577197919,0.5112857491922763,0.39352935946226353,0.4025669550303194
548,1.605887986473525,1.6745255650504467,1.8265925298588368,2.20484525710877,2.7341394876597667,2.8131078444969586,2.5271835672883753,2.2031792950775917,1.8642937786537783,1.5735497128201001,1.2877396070983065,1.0042442382194687,0.7179163817403216,0.5322974923097783,0.40970179889219643,0.4191108024973086
549,1.711538511899302,1.7846917206457615,1.9467630910338423,2.3499008661291163,2.914017085531928,2.998180729003382,2.6934456440836323,2.348125301332792,1.9869446851441483,1.6770727202423845,1.372459318091647,1.0703129381022987,0.7651477226442823,0.5673170641722598,0.4366558646088054,0.4466838816089681
550,1.6904084068141205,1.7626584895267245,1.922728978798919,2.320889744325151,2.8780415659574436,2.9611661521022534,2.660193228724503,2.319136100081778,1.9624145038460483,1.6563681187578498,1.3555153758929268,1.0570991981257325,0.7557014544635032,0.56031314979977,0.4312650514654836,0.4411692657866167
551,1.8171890373252089,1.894857876241336,2.066933652208848,2.4949564751495927,3.09389468340409,3.183253613510065,2.8597077208787596,2.4930713075879924,2.1095955916345184,1.7805957276646691,1.4571790290848574,1.1363816379851934,0.8123790635482432,0.6023366360347414,0.4636099303253819,0.4742569607205951
552,1.880579352580753,1.9609575695985768,2.1390359889138773,2.5819898405618784,3.201821242127283,3.294297344213971,2.959464966955888,2.580038911341165,2.1831861355286883,1.8427095321180136,1.5080108556807577,1.1760228579148913,0.8407178680905807,0.6233483791522109,0.47978236975534727,0.49080080818758426
553,1.7537987220696647,1.8287581828840953,1.9948313155039483,2.4079231097374367,2.985968124680377,3.0722098828061593,2.7599504748015016,2.40610370383508,2.0360050477402183,1.7184819232110644,1.4063472024888273,1.0967404180554305,0.7840402590058407,0.5813248929172394,0.4474374908954165,0.4577131132536059
554,1.7749288271547161,1.850791414003132,2.0188654277390015,2.436934231541532,3.0219436442548613,3.109224459707548,2.793202890160501,2.435092905086094,2.0605352290383183,1.7391865246954694,1.4232911446875474,1.1099541580319965,0.7934865271866849,0.5883288072897618,0.4528283040387383,0.4632277290759248
555,1.8594492474954418,1.9389243384795398,2.115001876678954,2.552978718757783,3.1658457225527985,3.2572827673125824,2.9262125515967585,2.5510497100901506,2.1586559542305883,1.822004930633479,1.4910669134821677,1.1628091179382605,0.8312715999098665,0.6163444647797535,0.4743915566120255,0.4852861923652654
556,2.2186610339435253,2.3134892675040777,2.523581784673687,3.0461677894268826,3.7774295553187716,3.88653057463437,3.4915036127007886,3.0438661313575204,2.575669036297768,2.1739831558695317,1.779113930859369,1.387442697539947,0.9918581589833073,0.7354110091121778,0.566035380048431,0.5790346613449141
557,2.303181454284121,2.4016221919803553,2.6197182336136393,3.162212276643134,3.921331633616709,4.0345888822394045,3.6245132741370463,3.1598229363615764,2.673789761490038,2.256801561807411,1.8468896996541193,1.4402976574462107,1.029643231706489,0.7634266666021696,0.5875986326216857,0.6010931246342547
558,2.3454416644543534,2.4456886542184293,2.6677864580836155,3.220234520251194,3.993282672765677,4.108618036041922,3.691018104855175,3.217801338863605,2.722850124086238,2.298210764776351,1.8807775840515595,1.4667251373993426,1.0485357680681122,0.7774344953471817,0.5983802589083292,0.612122356278925
559,2.1975309288580838,2.2914560363847807,2.499547672438634,3.0171566676226576,3.741454035744547,3.8495159977329814,3.458251197341789,3.014876930106376,2.551138854999668,2.153278554385127,1.762169988661039,1.374228957563316,0.9824118908025932,0.7284070947397205,0.5606445669051092,0.5735200455225952
560,2.1130105085173585,2.203323111908373,2.4034112234986815,2.9011121804064066,3.5975519574466097,3.7014576901279463,3.325241535905531,2.8989201251023196,2.453018129807398,2.070460148447247,1.6943942198664186,1.321373997657052,0.9446268180794115,0.7003914372497287,0.5390813143318545,0.5514615822332546
561,2.1764008237729024,2.269422805265744,2.4755135602035807,2.988145545818562,3.705478516170063,3.8125014208318526,3.4249987819827896,2.9858877288553622,2.526608673701568,2.1325739529007217,1.7452260464623188,1.36101521758675,0.972965622621749,0.7214031803671982,0.5552537537617874,0.5680054297002438
562,2.1975309288580838,2.2914560363847807,2.4995476724385037,3.0171566676225274,3.741454035744547,3.849515997733241,3.458251197341789,3.014876930106376,2.551138854999668,2.153278554385127,1.762169988660909,1.3742289575633808,0.9824118908025282,0.728407094739688,0.5606445669051092,0.5735200455225627
563,2.260921244113628,2.3575557297420215,2.571650009143533,3.1041900330346834,3.8493805944679997,3.960559728437147,3.558008443418917,3.1018445338594183,2.624729398893968,2.2153923588386015,1.8130018152568093,1.4138701774931437,1.0107506953449306,0.74941883785719,0.5768170063350421,0.5900638929895844
564,2.514482505135805,2.6219545031711147,2.8600593559633904,3.4523234946834367,4.281086829361551,4.404734651252511,3.95703742772756,3.449714948871718,2.9190915744709076,2.4638475766523698,2.0163291216406702,1.5724350572120005,1.1241059135144755,0.8334658103271652,0.6415067640548712,0.6562392828575737
565,2.577872820391349,2.6880541965284857,2.93216169266829,3.5393568600955922,4.389013388085004,4.515778381956417,4.056794673804818,3.53668255262476,2.9926821183650776,2.5259613811058443,2.0671609482365705,1.6120762771416983,1.1524447180568131,0.8544775534446346,0.657679203484804,0.6727831303245628
566,2.7680437661578514,2.886353276600208,3.148468702783248,3.80045695633219,4.712793064255103,4.848909574067875,4.356066412036333,3.797585363884017,3.2134537500478473,2.7123027944660083,2.2196564280245314,1.730999936930857,1.2374611316839557,0.917512782797108,0.7061965217746676,0.7224146727255629
567,3.296296393287256,3.4371840545774313,3.7493215086578857,4.525735001433792,5.6121810536169505,5.774273996599732,5.187376796012749,4.5223153951595,3.826708282499567,3.22991783157795,2.6432549829909737,2.0613434363451364,1.4736178362037597,1.0926106421095159,0.8409668503576151,0.8602800682838928
568,3.9935898610981115,4.1642806815072095,4.542447212412559,5.483102020967896,6.799373199574412,6.995755034341918,6.284706502861549,5.478959036443224,4.636204265335956,3.9131696805655207,3.2024050755467863,2.4973968555720085,1.7853446861699922,1.3237398164019396,1.0188636840871368,1.0422623904209039
569,3.97245975601293,4.142247450388173,4.518413100177635,5.45409089916393,6.763397679999928,6.958740457440529,6.251454087502419,5.449969835192211,4.6116740840378565,3.892465079081116,3.185461133348196,2.4841831155953775,1.775898417989213,1.3167359020294498,1.013472870943815,1.036747774598585
570,3.9935898610981115,4.1642806815072095,4.542447212412559,5.483102020968025,6.799373199574412,6.9957550343416575,6.284706502861419,5.478959036443224,4.636204265335826,3.9131696805655207,3.2024050755469164,2.4973968555719432,1.7853446861699922,1.3237398164019396,1.0188636840871368,1.0422623904209039
571,4.014719966183293,4.186313912626247,4.566481324647482,5.51211314277199,6.835348719148897,7.0327696112430464,6.3179589182205484,5.507948237694238,4.660734446633926,3.9338742820499255,3.2193490177456363,2.5106105955485094,1.7947909543507714,1.3307437307744294,1.0242544972304586,1.0477770062432552
572,4.099240386524018,4.274446837102524,4.662617773587434,5.628157629988242,6.979250797446833,7.180827918848081,6.450968579656676,5.623905042698295,4.758855171826196,4.016692687987805,3.287124786540257,2.563465555454838,1.832576027073953,1.358759388264421,1.0458177498037458,1.0698354695325958
573,4.373931752631377,4.560878841650655,4.975061232642214,6.00530221344109,7.44693255191487,7.662017418564574,6.883249979324319,6.000764658961608,5.077747528701106,4.285852507285979,3.507396035122838,2.7352441751502607,1.9553775134242772,1.4498102751068862,1.115898320666864,1.1415254752229365
574,4.352801647546195,4.538845610531488,4.951027120407291,5.976291091636995,7.410957032340385,7.625002841663445,6.849997563965319,5.971775457710594,5.053217347403136,4.265147905801443,3.4904520929242477,2.722030435173695,1.945931245243498,1.4428063607343964,1.1105075075235422,1.136010859400585
575,4.1203704916092,4.296480068221562,4.686651885822357,5.657168751792336,7.015226317021318,7.21784249574921,6.484220995015676,5.6528942439493095,4.783385353124296,4.03739728947234,3.3040687287389767,2.576679295431404,1.8420222952547323,1.365763302636911,1.0512085629470351,1.0753500853549147
576,4.6486231187386045,4.8473108461986545,5.287504691696995,6.382446796893938,7.914614306382906,8.143206918281326,7.315531378992091,6.377624275224922,5.396639885576145,4.555012326584152,3.727667283705419,2.9070227948457483,2.0781789997745364,1.5408611619493513,1.1859788915299825,1.213215480913212
577,4.986704800101377,5.199842544104025,5.672050487456805,6.846624745758943,8.490222619574395,8.735440148701725,7.847570024737122,6.8414514952412775,5.789122786345355,4.886285950335799,3.9987703588840304,3.118442634470869,2.229319290667263,1.6529237919093183,1.2722319018230988,1.301449334070542
578,5.367046691634512,5.5964407042476,6.104664507686591,7.368824938232137,9.137781971914851,9.401702532924642,8.44611350120015,7.363257117759661,6.230666049710635,5.2589687770563875,4.303761318459822,3.356289954049186,2.399352117921548,1.7789942506142649,1.369266538402826,1.4007124188725097
579,5.536087532315962,5.772706553200286,6.296937405566496,7.600913912664639,9.425586128510465,9.69781914813497,8.712132824072667,7.595170727767903,6.426907500095305,5.424605588932146,4.439312856049193,3.461999873861714,2.4749222633679113,1.8350255655942485,1.412393043549368,1.444829345451191
580,5.683998267912232,5.9269391710339345,6.465176191211477,7.803991765293047,9.677414765531855,9.956921186444172,8.944899731586181,7.798095136525002,6.598618769181875,5.5695377993235,4.557920451439713,3.554496053697741,2.5410461406334304,1.8840529662017096,1.4501287355525878,1.4834316562075205
581,5.536087532316093,5.772706553200416,6.296937405566496,7.600913912664639,9.425586128510465,9.69781914813523,8.712132824072667,7.595170727767903,6.426907500095305,5.424605588932146,4.439312856049063,3.461999873861714,2.4749222633678465,1.835025565594216,1.412393043549368,1.444829345451191
582,6.233381000126948,6.499803180130194,7.090063109321169,8.558280932198743,10.612778274467928,10.919300185877676,9.809462530921467,8.551814369051629,7.2364034829318244,6.1078574379197175,4.9984629486048755,3.8980532930885863,2.786649113334014,2.0661547398866396,1.5902898772788572,1.6268116675881694
583,6.465812156063943,6.7421687224401206,7.354438343906103,8.8774032720434,11.008508989787256,11.326460531791652,10.17523909987124,8.870695582812784,7.506235477210664,6.335608054248951,5.184846312790147,4.043404432830812,2.8905580633227794,2.143197797984093,1.6495888218553643,1.6874724416338398
584,6.529202471319487,6.808268415797362,7.426540680611132,8.964436637455558,11.116435548510708,11.437504262495557,10.274996345948239,8.957663186565826,7.579826021104834,6.397721858702296,5.235678139386047,4.08304565276051,2.9188968678651173,2.1642095411015947,1.6657612612852972,1.704016289100829
585,6.655983101830576,6.940467802511843,7.570745354021061,9.138503368279999,11.332288665957615,11.65959172390337,10.474510838102495,9.131598394071911,7.727007108893304,6.521949467609114,5.3373417925781075,4.162328092619906,2.975574476949857,2.206233027336566,1.6981061401451956,1.73710398403484
586,6.888414257767441,7.182833344821769,7.835120588605995,9.457625708124786,11.72801938127694,12.066752069817344,10.840287407052008,9.450479607833065,7.996839103172014,6.7497000839383485,5.523725156763378,4.307679232362196,3.079483426938558,2.283276085434019,1.7574050847217026,1.7977647580804776
587,6.994064783193218,7.292999500417214,7.95529114978087,9.602681317145132,11.907896979149362,12.251824954323508,11.006549483847266,9.595425614088137,8.119490009662254,6.853223091360762,5.6084448677567185,4.373747932245026,3.1267147678425187,2.3182956572965003,1.7843591504383116,1.8253378371921372
588,7.247626044215265,7.557398273846177,8.243700496600727,9.950814778793886,12.339603214043175,12.695999877138872,11.405578468156039,9.943296029100306,8.413852185239193,7.101678309174531,5.81177217414058,4.532312811963883,3.2400699860120636,2.402342629766476,1.8490489081581083,1.891513227060159
589,6.761633627256223,7.0506339581071575,7.690915915195936,9.283558977300475,11.512166263830295,11.844664608409273,10.640772914897752,9.276544400326852,7.8496580153834135,6.625472475031659,5.422061503571448,4.2283967925027355,3.022805817853818,2.241252599199015,1.7250602058618045,1.7646770631464992
590,6.71937341708586,7.006567495868954,7.64284769072596,9.225536733692284,11.440215224681326,11.770635454606756,10.574268084179494,9.218565997824824,7.800597652787213,6.584063272062589,5.388173619174138,4.201969312549603,3.0039132814921947,2.2272447704540355,1.714278579575161,1.753647831501829
591,6.71937341708586,7.006567495868954,7.64284769072596,9.225536733692284,11.440215224681326,11.770635454606756,10.574268084179494,9.218565997824824,7.800597652787213,6.584063272062589,5.388173619174138,4.201969312549603,3.0039132814921947,2.2272447704540355,1.714278579575161,1.753647831501829
592,6.782763732341404,7.072667189226195,7.714950027430989,9.31257009910444,11.548141783404779,11.881679185310402,10.674025330256752,9.305533601577865,7.874188196681383,6.6461770765160635,5.439005445770038,4.241610532479301,3.032252086034597,2.2482565135715373,1.7304510190051263,1.7701916789688181
593,6.550332576404538,6.8303016469162685,7.450574792846055,8.993447759259652,11.152411068085453,11.474518839396426,10.308248761307238,8.98665238781671,7.604356202402674,6.41842646018683,5.252622081584767,4.096259392737011,2.9283431360458962,2.1712134554740845,1.671152074428619,1.7095309049231804
594,6.3812917357232175,6.654035797963583,7.25830189496615,8.76135878482715,10.864606911489577,11.178402224186357,10.042229438434722,8.754738777808598,7.408114752018134,6.252789648310942,5.117070543995526,3.990549472924418,2.852772990599533,2.115182140494101,1.628025569282077,1.6654139783444992
595,6.296771315382492,6.565902873487305,7.162165446026198,8.645314297610899,10.720704833191641,11.030343916581062,9.909219776998466,8.63878197280454,7.309994026825734,6.1699712423730615,5.049294775200906,3.937694513018154,2.8149879178763513,2.087166483004109,1.6064623167088226,1.6433555150551586
596,6.1699906848714035,6.433703486772823,7.017960772616269,8.471247566786458,10.504851715744994,10.80825645517351,9.709705284844208,8.464846765298327,7.162812939037394,6.045743633466243,4.947631122008845,3.8584120731586933,2.758310308791611,2.0451429967691377,1.5741174378488918,1.6102678201211802
597,6.25451110521213,6.5218364112492315,7.1140972215562215,8.58729205400284,10.648753794042932,10.956314762778545,9.842714946280466,8.580803570302383,7.260933664229794,6.128562039404252,5.015406890803466,3.9112670330650223,2.796095381514793,2.0731586542591294,1.595680690422179,1.6323262834105208
598,6.191120789956585,6.45573671789199,7.041994884851192,8.500258688590682,10.54082723531948,10.845271032074638,9.742957700203467,8.49383596654934,7.187343120335624,6.066448234950907,4.9645750642075654,3.8716258131353243,2.7677565769724555,2.0521469111416275,1.579508250992246,1.6157824359435315
599,6.000949844189953,6.257437637820268,6.825687874736234,8.239158592354086,10.21704755914912,10.512139839963181,9.443685961971953,8.232933155290214,6.966571488652984,5.880106821590614,4.812079584419605,3.7527021533462306,2.6827401633453127,1.9891116817891543,1.5309909327023823,1.5661508935425315
600,5.747388583167776,5.993038864391305,6.537278527916377,7.891025130705332,9.785341324255569,10.067964917147817,9.04465697766318,7.885062740277915,6.672209313076045,5.631651603776975,4.608752278035614,3.594137273627374,2.5693849451757678,1.905064709319179,1.4663011749825532,1.4999755036745097
601,5.578347742486325,5.81677301543862,6.345005630036472,7.65893615627283,9.497537167659955,9.771848301937487,8.778637654790925,7.653149130269672,6.475967862691505,5.466014791901216,4.473200740446243,3.488427353814846,2.4938147997294697,1.849033394339228,1.4231746698360115,1.4558585770958612
602,5.789648793338139,6.037105326629379,6.585346752386353,7.949047374313523,9.857292363404538,10.141994070950334,9.11116180838144,7.9430411427799426,6.721269675672245,5.673060806745915,4.642640162432924,3.6205647535805707,2.5882774815373915,1.919072538064191,1.4770828012691968,1.51100473531918
603,5.853039108593683,6.1032050199866195,6.657449089091382,8.036080739725678,9.96521892212773,10.25303780165398,9.210919054458698,8.030008746533115,6.794860219566415,5.73517461119926,4.6934719890289545,3.6602059735103336,2.6166162860797937,1.9400842811816932,1.4932552406991622,1.5275485827861692
604,6.275641210297181,6.543869642368269,7.1381313337911445,8.616303175806934,10.684729313616897,10.993329339679674,9.875967361639985,8.609792771553657,7.285463845527894,6.149266640888657,5.0323508330021856,3.924480773041718,2.805541649695702,2.080162568631619,1.6010715035655332,1.6378408992328397
605,6.1911207899564555,6.45573671789199,7.041994884851192,8.500258688590682,10.54082723531896,10.845271032074638,9.742957700203728,8.4938359665496,7.187343120335624,6.066448234950777,4.964575064207436,3.8716258131354544,2.7677565769725203,2.0521469111416275,1.579508250992246,1.6157824359434991
606,6.000949844189823,6.257437637820138,6.8256878747363645,8.239158592354086,10.217047559148861,10.512139839963181,9.443685961972212,8.232933155290343,6.966571488652984,5.880106821590483,4.812079584419605,3.7527021533462954,2.682740163345378,1.9891116817891543,1.5309909327023823,1.566150893542499
607,6.0854702645305485,6.345570562296416,6.921824323676317,8.355203079570336,10.360949637446797,10.660198147568215,9.57669562340847,8.3488899602944,7.064692213845254,5.9629252275283635,4.879855353214225,3.8055571132526245,2.7205252360685597,2.017127339279146,1.5525541852756695,1.5882093568318396
608,6.360161630637906,6.632002566844546,7.234267782731227,8.732347663023186,10.828631391914834,11.141387647284969,10.008977023075984,8.725749576557714,7.383584570720164,6.232085046826536,5.100126601796936,3.9773357329480468,2.843326722418819,2.1081782261216113,1.622634756138788,1.6598993625221803
609,6.000949844189953,6.257437637820138,6.825687874736494,8.239158592354086,10.217047559148861,10.512139839963181,9.443685961972212,8.232933155290343,6.966571488652984,5.880106821590483,4.812079584419605,3.7527021533462954,2.682740163345378,1.9891116817891867,1.5309909327023823,1.5661508935425315
610,6.1699906848714035,6.433703486772823,7.017960772616399,8.471247566786587,10.504851715744735,10.80825645517351,9.70970528484447,8.464846765298457,7.162812939037524,6.045743633466243,4.947631122008845,3.8584120731588234,2.758310308791676,2.04514299676917,1.5741174378489242,1.6102678201211802
611,5.662868162827181,5.904905939914768,6.441142078976684,7.774980643488951,9.641439245957631,9.919906609542782,8.911647316226922,7.769105935273858,6.574088587883645,5.548833197838836,4.540976509240993,3.54128231372111,2.531599872452586,1.8770490518292522,1.444737922409266,1.4779170403851691
612,5.641738057741999,5.882872708795601,6.417107966741761,7.745969521684856,9.605463726383148,9.882892032641394,8.878394900867923,7.740116734022844,6.549558406585545,5.528128596354301,4.524032567042403,3.528068573744544,2.522153604271807,1.8700451374567624,1.4393471092659442,1.4724024245628502
613,5.430437006890315,5.662540397604841,6.17676684439188,7.455858303644293,9.245708530638305,9.512746263628546,8.545870747277409,7.450224721512703,6.304256593604805,5.321082581509602,4.3545931450557225,3.3959311739788194,2.4276909224638854,1.8000059937317994,1.385438977832759,1.4172562663395314
614,5.599477847571767,5.838806246557526,6.369039742271785,7.687947278076796,9.53351268723392,9.808862878838877,8.811890070149925,7.682138331520946,6.500498043989475,5.4867193933853615,4.490144682645093,3.501641093791347,2.5032610679102487,1.8560373087117827,1.4285654829793006,1.4613731929182125
615,5.557217637401403,5.794739784319323,6.320971517801809,7.629925034468605,9.46156164808495,9.734833725036358,8.745385239431926,7.6241599290189175,6.451437681393405,5.445310190416421,4.456256798247653,3.475213613838215,2.4843685315486903,1.8420294799667707,1.417783856692657,1.4503439612735423
616,5.641738057742129,5.88287270879573,6.417107966741761,7.745969521684856,9.605463726382888,9.882892032641653,8.878394900867923,7.740116734022974,6.549558406585675,5.528128596354301,4.524032567042403,3.528068573744544,2.522153604271807,1.8700451374567624,1.4393471092659118,1.4724024245628828
617,5.578347742486585,5.81677301543849,6.345005630036732,7.6589361562727,9.497537167659434,9.771848301937748,8.778637654790925,7.653149130269932,6.475967862691505,5.466014791900956,4.473200740446503,3.488427353814846,2.4938147997294697,1.8490333943392605,1.4231746698359788,1.4558585770958936
618,5.430437006890315,5.662540397604971,6.17676684439175,7.455858303644293,9.245708530638044,9.512746263628808,8.54587074727767,7.450224721512833,6.304256593605065,5.3210825815097325,4.354593145055852,3.395931173978884,2.4276909224639502,1.800005993731767,1.385438977832759,1.4172562663395638
619,5.0500951153571805,5.265942237461526,5.744152824161964,6.933658111171228,8.598149178297588,8.846483879405891,7.94732727081464,6.928419098994449,5.862713330239785,4.948399754789274,4.049602185479931,3.1580838544005667,2.2576580952096656,1.6739355350268201,1.2884043412530315,1.3179931815375636
620,5.282526271294046,5.508307779771452,6.008528058746768,7.252780451015886,8.993879893616915,9.253644225319865,8.313103839764153,7.247300312755605,6.132545324518495,5.176150371118508,4.235985549665202,3.3034349941428576,2.3615670451983664,1.7509785931242732,1.3477032858295388,1.378653955583234
621,5.028965010271869,5.24390900634249,5.720118711926911,6.904646989367133,8.562173658723363,8.809469302504501,7.914074855455381,6.899429897743305,5.838183148941555,4.927695153304869,4.032658243281211,3.144870114424001,2.2482118270288214,1.666931620654298,1.2830135281097097,1.3124785657152123
622,4.73314353907933,4.935443770675322,5.383641140637077,6.49849128411032,8.058516384680843,8.291265225886361,7.4485410404286085,6.493581080228978,5.494760610768416,4.637830732522291,3.7954430525000395,2.9598777547519473,2.115964072497718,1.568876819439343,1.2075421441032697,1.2352739442025527
623,5.240266061123553,5.464241317533249,5.960459834276792,7.194758207407825,8.921928854468206,9.17961507151709,8.246599009046154,7.1893219102534465,6.083484961922165,5.134741168149698,4.202097665267892,3.2770075141896604,2.342674508836808,1.7369707643792611,1.3369216595429276,1.3676247239385313
624,4.521842488227516,4.715111459484433,5.143300018287197,6.208380066069627,7.69876118893626,7.921119456873774,7.116016886838095,6.203689067718707,5.249458797787676,4.430784717677592,3.6260036305133587,2.8277403549862226,2.0215013906897963,1.4988376757143473,1.1536340126700841,1.1801277859792012
625,4.2682812272054695,4.45071268605534,4.854890671467339,5.860246604420873,7.267054954042708,7.47694453405841,6.716987902529321,5.855818652706408,4.955096622210736,4.182329499863824,3.4226763241294975,2.669175475267366,1.9081461725202513,1.4147907032443723,1.088944254950255,1.113952396111212
626,4.1203704916092,4.296480068221691,4.686651885822357,5.657168751792336,7.015226317021578,7.21784249574947,6.484220995015805,5.652894243949179,4.783385353124166,4.03739728947247,3.304068728738847,2.576679295431404,1.8420222952546672,1.3657633026368785,1.0512085629470351,1.0753500853548823
627,3.97245975601306,4.142247450388043,4.518413100177505,5.45409089916393,6.763397680000188,6.958740457440529,6.25145408750255,5.44996983519208,4.611674084037726,3.892465079081116,3.185461133348196,2.4841831155953775,1.7758984179891482,1.3167359020294174,1.013472870943815,1.0367477745985525
628,3.866809230587283,4.032081294792598,4.39824253900263,5.309035290143713,6.583520082127767,6.773667572934106,6.085192010707293,5.30502382893701,4.489023177547357,3.7889420716587017,3.1007414223548557,2.4181144157125476,1.7286670770851873,1.2817163301669356,0.9865188052272386,1.009174695486893
629,3.655508179735599,3.811748983601709,4.157901416652749,5.018924072103021,6.223764886383184,6.403521803921519,5.752667857116778,5.015131816426739,4.243721364566617,3.5818960568138727,2.931302000368175,2.2859770159468877,1.6342043952772656,1.2116771864419726,0.932610673794053,0.9540285372635415
630,2.6835233458173855,2.7982203521238,3.0523322538432955,3.6844124691160687,4.568890985957426,4.70085126646258,4.223056750600206,3.6816285588798303,3.1153330248553175,2.629484388527999,2.1518806592297812,1.678144977024593,1.199676058960774,0.8894971253071162,0.684633269201413,0.7003562094362223
631,2.704653450902567,2.8202535832428373,3.0763663660783487,3.713423590920164,4.60486650553191,4.737865843363709,4.256309165959465,3.7106177601308445,3.1398632061534175,2.6501889900124036,2.168824601428501,1.6913587170011593,1.209122327141618,0.8965010396796386,0.6900240823447348,0.7058708252585737
632,2.387701874624846,2.489755116456633,2.7158546825535916,3.278256763859255,4.065233711914906,4.182647189844439,3.7575229355736934,3.275779741365503,2.771910486682308,2.3396199677454206,1.9146654684486097,1.4931526173525396,1.0674283044297357,0.7914423240921938,0.6091618851949728,0.6231515879235953
633,2.4510921898803906,2.555854809813874,2.787957019258621,3.3652901292715405,4.173160270638358,4.293690920548345,3.857280181650952,3.3627473451185455,2.8455010305766075,2.401733772198895,1.96549729504464,1.5327938372822376,1.0957671089721381,0.8124540672096957,0.6253343246249382,0.6396954353905845
634,2.366571769539665,2.467721885337596,2.6918205703186686,3.2492456420552895,4.029258192340421,4.14563261294331,3.724270520214694,3.246790540114489,2.7473803053843375,2.318915366261016,1.8977215262500198,1.4799388773759736,1.0579820362489565,0.784438409719704,0.603771072051651,0.6176369721012439
635,2.2397911390285765,2.3355224986229848,2.54761589690874,3.075178911230848,3.8134050748937756,3.9235451515354987,3.5247560280604375,3.0728553326082744,2.600199217595868,2.1946877573541963,1.7960578730580892,1.400656437516513,1.0013044271642164,0.7424149234847326,0.5714261931917528,0.5845492771672655
636,2.218661033943395,2.3134892675039476,2.523581784673687,3.046167789426753,3.777429555319291,3.88653057463411,3.4915036127014383,3.04386613135726,2.575669036297898,2.1739831558697915,1.779113930859499,1.387442697539947,0.9918581589834373,0.7354110091122428,0.566035380048431,0.5790346613449466
637,2.535612610221116,2.6439877342902816,2.8840934681984436,3.4813346164876617,4.317062348936296,4.4417492281533795,3.990289843087209,3.478704150122602,2.9436217557690076,2.4845521781369047,2.0332730638393905,1.5856487971885014,1.1335521816953198,0.8404697246996875,0.646897577198193,0.6617538986799575
638,2.662393240732204,2.7761871210047633,3.028298141608372,3.6554013473121034,4.532915466383201,4.663836689561192,4.189804335241466,3.6526393576286864,3.0908028435574773,2.608779787043854,2.1349367170313207,1.6649312370479623,1.1902297907800599,0.8824932109346589,0.6792424560581237,0.6948415936139359
639,2.8948243966691996,3.0185526633146895,3.2926733761931763,3.9745236871567613,4.928646181702269,5.070997035475427,4.55558090419098,3.9715205713899713,3.3606348378363173,2.8365304033729575,2.3213200812165917,1.810282376790253,1.2941387407687606,0.9595362690321119,0.7385414006346309,0.7555023676595738
640,2.9582147119247435,3.0846523566719304,3.364775712898076,4.061557052568917,5.036572740425462,5.182040766179073,4.655338150267978,4.058488175143144,3.4342253817304873,2.898644207826302,2.372151907812622,1.8499235967199508,1.322477545311163,0.9805480121496137,0.7547138400645638,0.7720462151265954
641,2.5778728203916086,2.6880541965283555,2.93216169266829,3.5393568600957224,4.389013388085265,4.515778381956157,4.056794673804949,3.53668255262463,2.9926821183650776,2.525961381105714,2.0671609482367006,1.6120762771416983,1.1524447180568782,0.8544775534446671,0.6576792034848365,0.6727831303245954
642,2.59900292547679,2.7100874276475224,2.956195804903213,3.5683679818998177,4.424988907659748,4.5527929588575455,4.0900470891639475,3.565671753875644,3.0172122996631776,2.546665982590249,2.0841048904354205,1.6252900171182643,1.1618909862376572,0.861481467817157,0.6630700166281258,0.6782977461469143
643,2.535612610221246,2.643987734290152,2.8840934681983135,3.4813346164876617,4.317062348936296,4.44174922815364,3.9902898430866895,3.478704150122602,2.9436217557688775,2.4845521781367745,2.0332730638393905,1.5856487971885014,1.1335521816952547,0.840469724699655,0.646897577198193,0.6617538986799251
644,2.1341406136029297,2.22535634302754,2.4274453357336045,2.9301233022105015,3.6335274770216137,3.738472267029335,3.3584939512646605,2.927909326353074,2.477548311105368,2.091164749931782,1.7113381620647488,1.334587737633683,0.9540730862601906,0.7073953516222186,0.5444721274751438,0.5569761980555735
645,1.9650997729214785,2.0490904940748544,2.2351724378536995,2.6980343277779997,3.3457233204257397,3.442355651819006,3.0924746283921456,2.695995716344961,2.281306860720698,1.9255279380558932,1.575786624475508,1.2288778178210902,0.8785029408138273,0.6513640366422351,0.5013456223285695,0.5128592714769249
646,1.5002374610476181,1.5643594094550022,1.706421968683961,2.059789648088554,2.554261889787605,2.6280349599907953,2.3609214904931184,2.058233288822391,1.7416428721631487,1.470026705397556,1.203019896104966,0.9381755383365739,0.6706850408364257,0.49727792044732916,0.382747733175555,0.39153772338561665
647,1.2044159898552087,1.255894173787835,1.3699443973941274,1.65363394283161,2.0506046157450846,2.109830883372914,1.8953876754663466,1.6523844713080638,1.398220333990139,1.1801622846149777,0.9658047053236649,0.7531831786645853,0.5384372863052574,0.3992231192323418,0.30727634916911484,0.3143331018729571
648,1.3311966203661671,1.3880935605023166,1.5141490708040561,1.8277006736560517,2.266457733191731,2.331918344780466,2.094902167620603,1.8263196788142781,1.5454014217786087,1.304389893521797,1.0674683585157254,0.8324656185239812,0.5951148953899974,0.4412466054673132,0.3396212280290131,0.34742079680696797
649,1.2889364101958043,1.3440270982641127,1.46608084633408,1.7696784300478612,2.194506694042762,2.2578891909779486,2.028397336902604,1.7683412763122501,1.496341059182409,1.262980690552857,1.0335804741184151,0.8060381385708492,0.5762223590284391,0.42723877672233357,0.328839601742402,0.3363915651622977
650,1.267806305110623,1.321993867145076,1.4420467340990268,1.740667308243766,2.1585311744682776,2.22087461407682,1.9951449215436046,1.739352075061236,1.4718108778843089,1.2422760890684523,1.0166365319198252,0.7928243985942832,0.5667760908476599,0.42023486234984375,0.3234487885990802,0.33087694933994627
651,1.267806305110623,1.321993867145076,1.4420467340990268,1.740667308243766,2.1585311744682776,2.22087461407682,1.9951449215436046,1.739352075061236,1.4718108778843089,1.2422760890684523,1.0166365319198252,0.7928243985942832,0.5667760908476599,0.42023486234984375,0.3234487885990802,0.33087694933994627
652,1.1410256745996645,1.1897944804305942,1.2978420606890981,1.5666005774193243,1.942678057021632,1.9987871526692678,1.7956304293893481,1.5654168675550213,1.324629790095839,1.118048480161633,0.9149728787277647,0.7135419587348873,0.5100984817629198,0.3782113761148724,0.29110390973918193,0.2977892544059354
653,1.3311966203661671,1.3880935605023166,1.5141490708040561,1.8277006736559218,2.266457733191731,2.3319183447807257,2.094902167620863,1.8263196788142781,1.5454014217784788,1.304389893521797,1.0674683585157254,0.8324656185239812,0.5951148953900623,0.4412466054673457,0.3396212280290456,0.3474207968069355
654,1.6692783017289392,1.7406252584076876,1.898694866563866,2.291878622520926,2.8420660463832195,2.9241515752013845,2.6269408133658936,2.290146898830634,1.9378843225476885,1.635663517273315,1.3385714336943368,1.0438854581491017,0.746255186282789,0.5533092354273127,0.42587423832212934,0.43565464996426534
655,1.8383191424103902,1.916891107360373,2.090967764443771,2.5239675969534283,3.129870202979094,3.2202681904117134,2.8929601362384085,2.5220605088387464,2.134125772932358,1.8013003291492038,1.4741229712835775,1.1495953779616943,0.8218253317291523,0.6093405504072962,0.4690007434687037,0.47977157654291397
656,2.2186610339435253,2.3134892675039476,2.523581784673557,3.046167789426623,3.777429555319551,3.8865305746346297,3.4915036127014383,3.0438661313571305,2.575669036297768,2.1739831558696614,1.779113930859369,1.3874426975400118,0.9918581589834373,0.7354110091122428,0.566035380048431,0.5790346613449141
657,2.704653450902567,2.820253583242967,3.0763663660783487,3.713423590920164,4.60486650553217,4.737865843363969,4.256309165959725,3.7106177601307144,3.139863206153547,2.6501889900125337,2.168824601428501,1.6913587170011593,1.209122327141683,0.896501039679671,0.6900240823447348,0.7058708252585737
658,3.148385657691246,3.2829514367437826,3.5810827230130338,4.322657148805514,5.360352416595821,5.515171958290791,4.9546098884997525,4.31939098640227,3.654997013413127,3.084985621186466,2.524647387600453,1.9688472565091095,1.4074939589383055,1.0435832415020871,0.8032311583544275,0.821677757527563
659,3.740028600076065,3.899881908078117,4.254037865592701,5.1349685593192715,6.36766696468086,6.551580111526554,5.885677518553296,5.1310886214309255,4.341842089759276,3.6647144627517525,2.9990777691630552,2.3388319758530867,1.6719894680005123,1.2396928439319967,0.9541739263673402,0.9760870005528821
660,4.627493013653553,4.825277615079618,5.263470579462202,6.353435675089973,7.878638786808681,8.106192341380458,7.282278963633611,6.348635073973777,5.372109704278306,4.5343077250997466,3.710723341506829,2.8938090548691173,2.068732731593822,1.5338572475768615,1.1805880783867255,1.2077008650908607
661,4.838794064505237,5.045609926270507,5.503811701812083,6.643546893130666,8.238393982553523,8.476338110393044,7.614803117224126,6.6385270864839185,5.617411517258915,4.741353739944576,3.88016276349338,3.025946454634842,2.163195413401744,1.6038963913018247,1.234496209819911,1.2628470233141798
662,5.007834905186688,5.221875775223192,5.6960845996919875,6.875635867563168,8.52619813914914,8.772454725603113,7.880822440096641,6.870440696492161,5.813652967643455,4.906990551820335,4.01571430108262,3.13165637444737,2.2387655588481072,1.659927706281808,1.277622714966453,1.306963949892861
663,5.007834905186688,5.221875775223192,5.6960845996919875,6.875635867563168,8.52619813914914,8.772454725603113,7.880822440096641,6.870440696492161,5.813652967643455,4.906990551820335,4.01571430108262,3.13165637444737,2.2387655588481072,1.659927706281808,1.277622714966453,1.306963949892861
664,5.007834905186688,5.221875775223192,5.6960845996919875,6.875635867563168,8.52619813914914,8.772454725603113,7.880822440096641,6.870440696492161,5.813652967643455,4.906990551820335,4.01571430108262,3.13165637444737,2.2387655588481072,1.659927706281808,1.277622714966453,1.306963949892861
665,5.388176796719823,5.618473935366637,6.1286986199217734,7.397836060036362,9.173757491489596,9.43871710982603,8.47936591655967,7.392246319010545,6.255196231008735,5.279673378540922,4.320705260658542,3.3695036940256875,2.4087983861023923,1.7859981649867547,1.3746573515461802,1.406227034694861
666,5.557217637401274,5.794739784319323,6.320971517801679,7.629925034468864,9.46156164808521,9.734833725036099,8.745385239432185,7.624159929018788,6.451437681393275,5.445310190416682,4.456256798247783,3.4752136138382803,2.4843685315487556,1.8420294799667383,1.417783856692722,1.4503439612735423
667,5.113485430612465,5.3320419308186375,5.816255160866864,7.020691476583514,8.7060757370213,8.957527610109016,8.047084516891898,7.015386702747362,5.936303874133695,5.0105135592427485,4.100434012075831,3.1977250743302648,2.285996899752068,1.6949472781442896,1.3045767806830295,1.3345370290045528
668,5.134615535697646,5.354075161937674,5.8402892731019165,7.04970259838761,8.742051256595785,8.994542187010406,8.080336932250898,7.044375903998376,5.960834055431795,5.031218160727154,4.117377954274551,3.210938814306831,2.2954431679328473,1.7019511925167794,1.3099675938263513,1.3400516448268718
669,5.2825262712937855,5.5083077797713225,6.008528058746768,7.252780451016016,8.993879893617175,9.253644225319347,8.313103839764153,7.247300312755475,6.132545324518235,5.176150371118508,4.235985549665202,3.3034349941428576,2.3615670451983664,1.7509785931242408,1.3477032858295712,1.3786539555832016
670,5.451567111975237,5.684573628724008,6.200800956626673,7.484869425448518,9.281684050212789,9.549760840529675,8.579123162636408,7.4792139227637175,6.328786774902775,5.341787182994267,4.3715370872545725,3.409144913955385,2.437137190644665,1.8070099081041917,1.3908297909761131,1.4227708821618503
671,5.514957427230781,5.750673322081249,6.272903293331573,7.571902790860674,9.389610608936241,9.660804571233582,8.678880408713407,7.566181526516759,6.402377318796945,5.403900987447612,4.422368913850603,3.448786133885083,2.4654759951870022,1.8280216512216612,1.4070022304060785,1.4393147296288393
672,5.367046691634512,5.596440704247731,6.104664507686721,7.368824938232137,9.137781971915112,9.401702532924642,8.44611350120015,7.363257117759531,6.230666049710505,5.258968777056258,4.303761318459952,3.3562899540490565,2.399352117921483,1.7789942506142,1.3692665384028584,1.4007124188725097
673,5.303656376378967,5.530341010890489,6.0325621709816915,7.281791572819982,9.02985541319192,9.290658802220994,8.346356255122894,7.276289514006359,6.157075505816335,5.196854972602913,4.252929491863922,3.3166487341192936,2.3710133133790805,1.757982507496698,1.353094098972893,1.3841685714055205
674,5.536087532315962,5.772706553200416,6.296937405566625,7.600913912664639,9.425586128510986,9.69781914813523,8.712132824072667,7.595170727767644,6.426907500095175,5.424605588932017,4.439312856049193,3.461999873861584,2.4749222633678465,1.8350255655941834,1.4123930435494003,1.444829345451191
675,5.895299318764046,6.147271482224824,6.705517313561359,8.09410298333374,10.037169961276959,10.327066955457017,9.277423885176697,8.087987149035014,6.843920582162484,5.776583814168069,4.727359873426394,3.686633453463336,2.635508822441352,1.9540921099266402,1.5040368669858057,1.538577814430872
676,6.064340159445497,6.323537331177509,6.897790211441263,8.326191957766241,10.324974117872573,10.623183570667347,9.543443208049212,8.319900759043255,7.040162032547154,5.942220626043828,4.862911411015635,3.7923433732759286,2.7110789678877154,2.0101234249066238,1.5471633721323477,1.5826947410095207
677,6.064340159445497,6.323537331177509,6.897790211441263,8.326191957766241,10.324974117872573,10.623183570667347,9.543443208049212,8.319900759043255,7.040162032547154,5.942220626043828,4.862911411015635,3.7923433732759286,2.7110789678877154,2.0101234249066238,1.5471633721323477,1.5826947410095207
678,6.064340159445497,6.323537331177509,6.897790211441263,8.326191957766241,10.324974117872573,10.623183570667347,9.543443208049212,8.319900759043255,7.040162032547154,5.942220626043828,4.862911411015635,3.7923433732759286,2.7110789678877154,2.0101234249066238,1.5471633721323477,1.5826947410095207
679,6.444682050978762,6.720135491320954,7.330404231671049,8.848392150239436,10.972533470213031,11.289445954890523,10.141986684512242,8.84170638156164,7.481705295912434,6.314903452764416,5.167902370591556,4.030190692854246,2.8811117951420004,2.1361938836115706,1.644198008712075,1.6819578258115209
680,6.613722891660212,6.8964013402736395,7.522677129550955,9.080481124671937,11.260337626808646,11.585562570100592,10.408006007384756,9.073619991569883,7.677946746296974,6.480540264640175,5.303453908180927,4.1359006126668385,2.9566819405883638,2.192225198591554,1.6873245138586495,1.7260747523901696
681,6.634852996745394,6.918434571392676,7.546711241785878,9.109492246476034,11.29631314638313,11.62257714700172,10.441258422743756,9.102609192820896,7.7024769275950735,6.5012448661247095,5.320397850379647,4.149114352643404,2.9661282087691427,2.1992291129640438,1.6927153270019712,1.7315893682124883
682,6.233381000126948,6.499803180130065,7.090063109321169,8.558280932198743,10.612778274468187,10.919300185877416,9.809462530921726,8.551814369051499,7.236403482931694,6.1078574379197175,4.998462948605136,3.898053293088521,2.7866491133340787,2.066154739886607,1.590289877278922,1.626811667588137
683,5.451567111975497,5.684573628723878,6.200800956626673,7.484869425448388,9.281684050213048,9.549760840530196,8.579123162636668,7.479213922763587,6.3287867749029045,5.341787182994137,4.371537087254702,3.409144913955385,2.4371371906447297,1.8070099081042241,1.3908297909761456,1.4227708821618177
684,6.1699906848714035,6.433703486772694,7.017960772616269,8.471247566786587,10.504851715744994,10.80825645517377,9.709705284844729,8.464846765298327,7.162812939037394,6.045743633466243,4.947631122009105,3.8584120731588234,2.7583103087917413,2.0451429967691377,1.5741174378489566,1.6102678201211478
685,6.592592786574902,6.874368109154342,7.498643017316032,9.051470002867843,11.224362107234422,11.548547993199204,10.374753592026016,9.044630790318738,7.6534165649988735,6.45983566315577,5.286509965982337,4.122686872690273,2.9472356724076496,2.1852212842190966,1.6819337007153277,1.720560136567818
686,6.6771132069154975,6.96250103363075,7.594779466255984,9.167514490084093,11.368264185532098,11.696606300804238,10.507763253462274,9.160587595322925,7.751537290191144,6.54265406909365,5.3542857347769575,4.1755418325965366,2.9850207451308313,2.2132369417090882,1.7034969532885822,1.7426185998571586
687,7.9026593018556275,8.240428438537622,8.988757975885294,10.850159554719799,13.454844320851407,13.84345176107854,12.436403344287621,10.841961267882132,9.174287805479382,7.743520955193032,6.337034382299213,4.9419387512376876,3.5329042996168676,2.61946397531392,2.016164115601019,2.062466317552467
688,8.599952769666354,8.9675250654674,9.781883679639966,11.807526574253902,14.64203646680887,15.064932798820987,13.533733051136421,11.798604909165858,9.983783788315773,8.426772804180603,6.896184474855025,5.37799217046456,3.844631149583035,2.8505931496063113,2.1940609493305083,2.2444486396894456
689,9.762108549351069,10.179352777017161,11.103759852564249,13.403138273477452,16.620690043404725,17.10073452839138,15.362615895884508,13.393010977972024,11.33294375970984,9.565525885826641,7.82810129578138,6.1047478691760135,4.3641758995266695,3.235808440093641,2.490555672213012,2.547752509917765
690,11.220085800228194,11.69964572423396,12.762113596778363,15.404905677957816,19.103000894042843,19.65474033457966,17.657032555659367,15.393265864292646,13.02552626927692,10.994143388255386,8.997233307489036,7.01649592755939,5.0159684040014065,3.7190785317959256,2.862521779101956,2.928261001658744
691,11.832858847698324,12.33860942668746,13.459102851593084,16.246228210275667,20.146290961702366,20.72816306471655,18.621352601071912,16.233952700572313,13.73690152692104,11.594576831305208,9.488607631250229,7.3996943868799985,5.289910181244393,3.9221920485983577,3.0188553602581902,3.088184860506414
692,11.959639478209413,12.470808813401943,13.603307525003013,16.42029494110011,20.36214407914927,20.950250526124364,18.820867093226166,16.4078879080784,13.88408261470951,11.718804440212027,9.590271284442158,7.478976826739459,5.346587790329132,3.964215534833329,3.0512002391180886,3.121272555440425
693,13.206315678234855,13.770769449427982,15.021320146867245,18.13195112753991,22.484699734043065,23.134110563299796,20.782759599410515,18.118250781888623,15.331363311295847,12.940375927795944,10.589963874163134,8.258587485357177,5.903917612995948,4.37744648281065,3.369258214573847,3.4466348889580525
694,15.435541764720906,16.095275332491447,17.55691898765846,21.192624477868645,26.28011704914934,27.03914842638473,24.290889419790933,21.176611513871517,17.9192974382426,15.12471138440794,12.377549776121928,9.652637052885439,6.900498906069645,5.116359449109074,3.9379890011939227,4.028426858214159
695,19.038224681743486,19.851941238295435,21.654735123723835,26.139020745461625,32.41394313659631,33.350133788052645,29.96042623850995,26.11927032717072,22.10169334956416,18.654845937510668,15.266491920993499,11.905579718890815,8.511087630894963,6.310526849619821,4.857122642129655,4.968668855921935
696,24.66939768694283,25.723797331531518,28.05982603434807,33.870484706244625,42.00141910319196,43.214518532243474,38.82219493169863,33.84489246056819,28.63898666550072,24.172622233122897,19.782052516936606,15.427041422647042,11.028518101076445,8.177070029890306,6.293774344823954,6.438313972573659
697,29.51347427771933,30.77491556558172,33.569646264219045,40.52128437982641,50.24880696563897,51.70011028686167,46.44531115276238,40.49066684736499,34.26253072808413,28.919152123438444,23.666451265979568,18.456291312276075,13.194075081523351,9.78271739978527,7.5296182579296715,7.702539649843467
698,32.64072983032539,34.03583377120621,37.126694874997156,44.814930406827834,55.57318386266057,57.178267668251074,51.366668625902875,44.78106863251612,37.89299756019903,31.983433143140505,26.17415471138143,20.41192482880862,14.592122772280813,10.819296726914834,8.327458603140744,8.51870279154871
699,39.164649775373356,40.838593879223744,44.54722702754965,53.772114263832655,66.68062553127778,68.60651828652097,61.633351868011495,53.73148451876906,45.46669103597924,38.3759788514717,31.405596865217895,24.491667046575003,17.508658073100833,12.981755289423322,9.991872161140236,10.221340426693976
700,46.8560080263773,48.858690006570605,53.2956438810852,64.3321626005119,79.77571465638435,82.07982427858666,73.73723105870808,64.28355377414118,54.39567702847814,45.912453791820035,37.57319182553043,29.301468398046968,20.94709969090965,15.531180121012246,11.95412814530807,12.228660586023157
701,54.066656386693595,56.3775301259584,61.49728468127484,74.23220791614884,92.05236071117179,94.71104864614816,85.08461779998599,74.17611870105235,62.76660139644576,52.977899048396594,43.35531210082341,33.81065716505191,24.170638707605445,17.92126590062688,13.793743130465373,14.110523235394274
702,66.29570470473911,69.12926263612879,75.407027137274,91.02239466025081,112.87319266489534,116.1332350277636,104.32945318904005,90.95361892508117,76.96344382270581,64.9606871575357,53.161618648298436,41.4581091764926,29.637666417239675,21.9747813437096,16.913676237160775,17.30210714256941
703,80.37363721773752,83.80890286921905,91.41975441383458,110.35105456220845,136.84188258138525,140.79419688824106,126.48387492201151,110.26767425857439,93.30667711254735,78.75512789656607,64.45052013815621,50.26176343588323,35.931242592693316,26.6411392943858,20.50530549389649,20.97621993419869
704,88.13895083653968,91.9061153054828,100.25229066019256,121.01264182520183,150.06288602500248,154.39705389946124,138.70413756646485,120.92120571832493,102.3215187395894,86.36406894211008,70.67741889616407,55.117812877273145,39.40274614913493,29.21507782627844,22.486429324065902,23.002841248906016
705,100.71136336221922,105.01588782133838,114.55258744001029,138.2742592986199,171.46832017181129,176.4207271557225,158.48932470510357,138.169780462683,116.91697661194316,98.6833068253718,80.75906450436716,62.97998816333308,45.02327571670704,33.382406877914164,25.693963144340223,26.28403766319408
706,111.25000327345073,116.0049618419819,126.5396009172104,152.7435562983966,189.4111105595774,194.88174738523568,175.07396686543325,152.6281445866303,129.15140453435728,109.00972681575293,89.20985567594926,69.57034097664804,49.73460197187777,36.875609171197084,28.38263119957014,29.0344523045826
707,117.66827269307292,122.69755579440387,133.83996250858803,161.5556845463811,200.3386746303222,206.1249251189994,185.1743880307466,161.43361446662806,136.60244710364714,115.2987495166617,94.35657811879251,73.58401449453153,52.60390593179376,39.00304816184306,30.020090691853024,30.70951686061621
708,133.54226413831125,139.2500206726163,151.89558932512242,183.35028980168394,227.3652837106417,233.93212601608553,210.15526506923794,183.21175190645823,155.03074580382508,130.85308138187247,107.08571469553642,83.51083665193073,59.70041490261487,44.26473883418151,34.069939065770804,34.852371997143756
709,145.98261350720844,152.22208549397743,166.04567290347146,200.43058776382662,248.5458708601101,255.72445816671384,229.73262461188253,200.2791441429976,169.472890043066,143.04291550585626,117.061460664998,91.29042606313715,65.26190529405702,48.38829342098916,37.24378030389936,38.09910206254225
710,156.44201552437048,163.12853489792437,177.9425584597905,214.7910930568383,266.353753049472,274.0466737328471,246.1925702146153,214.62879876225347,181.6153297856125,153.29169324067075,125.44871205333506,97.83122735154004,69.9378080435498,51.85523103537519,39.912232809841825,40.828836894597025
711,172.02546802468765,179.37804284824946,195.66771623309407,236.18679538733548,292.88569873564273,301.34492419754054,270.7162265419195,236.0083346848821,199.7063384929418,168.56133683546992,137.94486942484738,107.57636058426137,76.90443082688502,57.02061788509179,43.88795750303897,44.895866063567546
712,177.94189744853688,185.54734756159309,202.39726765889074,244.3099094924733,302.95884421649396,311.7090057298987,280.0269028424552,244.12531103516812,206.5747892564024,174.3586252511225,142.68917324047248,111.2762077777014,79.54938591750722,58.98171390939102,45.397385183168026,46.43995849382077
713,179.68513111806377,187.36508912891753,204.38008191827717,246.70332704130877,305.9268245813876,314.7627083242543,282.7702271095773,246.51692013837732,208.5985292134936,176.06675487359163,144.08704847186203,112.36634132576845,80.32870304242267,59.55953684512205,45.84212726749177,46.89491429916321
714,193.6045878429234,201.87948012861463,220.21255335307524,265.8144035297358,329.62569810106885,339.146060857972,304.67525572735576,265.6135564624879,224.7577861435996,189.70591110148857,155.24887039522986,121.0708925353348,86.5514322065204,64.1733654380045,49.393325425652584,50.527667472125
715,189.2465036691058,197.33512621030332,215.25551770460905,259.8308596576475,322.2057471888347,331.51180437208313,297.8169450595503,259.63453370446456,219.6984362508717,185.43558704531603,151.75418231675602,118.34555866516699,84.60313939423175,62.728808098676964,48.2814702148432,49.390277958768884
716,183.09236056304846,190.91794764686998,208.25558251616894,251.3813704322139,311.72787711277095,320.7313088495856,288.1321790862252,251.19142884010424,212.55402094780766,179.40537186296297,146.81925915139604,114.49705689699047,81.85191378657562,60.688918037687145,46.71139588685183,47.78414610051443
717,181.69249110115547,189.45824608523057,206.66332258060098,249.45938361269458,309.3444989409626,318.27909312987583,285.92920656868773,249.27089425722417,210.92889643681025,178.03369201461646,145.6967229807347,113.62164662354255,81.22609851959805,60.224908710509226,46.35425451610705,47.41880280228487
718,173.1083859103028,180.50724594310228,196.89946448513703,237.67361537979352,294.7294441138347,303.24192126373106,272.4204128290709,237.49403124899644,200.9635102844677,169.62244766154905,138.81324646252884,108.25356475806049,77.3885520711507,57.379568496682296,44.16423667663402,45.17849012446212
719,170.0709333043087,177.3399689697339,193.44456085135738,233.50326662045933,289.5579631750048,297.9210758341721,267.6403781212066,233.32683356916226,197.43729672286983,166.64616119815597,136.3775547714713,106.35408963642827,76.03065102016159,56.3727558056358,43.389307287282044,44.38576410000178
720,177.12310587648608,184.69355985572838,201.46594580978464,243.18572852256563,301.56479283298387,310.2746908749738,278.73837174729175,243.00197948669094,205.62424473110175,173.55632194359896,142.03259548027432,110.76417535360906,79.1833430255014,58.71031222745666,45.18849117386448,46.226267130705374
721,176.85897956292138,184.41814446673976,201.16551940684727,242.82308950001502,301.115098838303,309.8120086637079,278.3227165553035,242.63961447105325,205.31761746487584,173.29751442504312,141.82079620279106,110.59900360390202,79.06526467324147,58.62276329780044,45.121106009573005,46.15733443292623
722,189.64269313945286,197.74824929378624,215.70615730901486,260.3748181914738,322.88028818085644,332.205827688982,298.4404278475327,260.1780812279217,220.15837715021033,185.82379832314942,152.07188123298096,118.59331628972775,84.78025692262152,62.8601314931612,48.382547961280515,49.49367700543761
723,201.0529498854477,209.6461940980919,228.6845779159082,276.0408239656684,342.3070687510696,352.1936992156729,316.39673214142306,275.8322499034738,233.40467505117002,197.0042831247652,161.22161002025783,125.72873587707636,89.88124174024999,66.64224525430966,51.293587058672266,52.47156954949735
724,201.81891619478534,210.44489872615875,229.5558144844264,277.0924771310656,343.61118133564406,353.5354776283444,317.602132198189,276.8831084488232,234.29389412322521,197.75482492857736,161.83582792495923,126.20773395122706,90.22366896180372,66.8961371503127,51.489004035117496,52.67147437305688
725,205.93928668639455,214.74137879438032,234.24246637024902,282.7496458828581,350.62640765266536,360.7533201240941,324.08635319320484,282.53600269277246,239.07727947634962,201.79222221804983,165.13989665369823,128.78441324665852,92.06569125705839,68.26190045294963,52.540212598064564,53.7468244584118
726,203.3508488134607,212.04230798229244,231.29828762146306,279.19578346186034,346.21940650479286,356.2190344536874,320.01293231172065,278.9848255395222,236.07233226733555,199.25590853620193,163.06426373436236,127.16573009952857,90.90852340491126,67.40392094231876,51.879837988008084,53.07128402017601
727,186.57882790210246,194.55343078151887,212.22121103494152,256.1682055298846,317.66383784255805,326.8387140382973,293.61882762046923,255.97464704652364,216.6015008619896,182.82163110790108,149.61500961417536,116.67732399312497,83.41054803640638,61.8445639091492,47.600880055499275,48.694057711199285
728,167.61455858815705,174.77860585214043,190.6505953040401,230.13072371073707,285.3758090244722,293.6181312693989,263.7747848357163,229.95683892373148,194.58566314696847,164.2392512755861,134.40782149087732,104.81799236415216,74.93252234414429,55.558550759833125,42.762625259371234,43.7446900106555
729,141.96789354102475,148.03577158135107,161.47919157882384,194.9184746210545,241.71052214096093,248.69168855547105,223.41466569366145,194.7711959053036,164.8121555964317,139.10904122380634,113.84211164725262,88.77981546758863,63.467114339706185,47.05754969021479,36.219525806668834,37.05132505629893
730,121.4981042397607,126.69107893473769,138.19614535117944,166.8139503733676,206.85923755319422,212.83381718235665,191.20138831457552,166.68790719337605,141.04854246392304,119.05145853572269,97.42766764229977,75.97900486528513,54.31604203956249,40.27250764185822,30.997175574079392,31.70904097841399
731,98.83606653590972,103.06043855951923,112.41955997915518,135.69952223850902,168.27549280957672,173.13568345573418,155.53817284198703,135.5969888516551,114.73992302173896,96.84577344362489,79.25528963423623,61.80726874041245,44.18491941566156,32.76080947735506,25.215528477870716,25.794615508961993
732,81.53579299742212,85.02073058076869,92.74163058675913,111.94666626143173,138.82053615798057,142.82999861781147,128.31275776675986,111.86208032738094,94.65583708394115,79.89388097821211,65.38243695908257,50.988519134594625,36.45078734263695,27.026354584873065,20.80180021677896,21.279523804426976
733,69.30674467937648,72.26899807059843,78.83188813075996,95.15647951732952,117.99970420425701,121.40781223619602,109.0679223777058,95.08458010335198,80.45899465768109,67.91109286907287,55.5761304116074,43.341067123153934,30.983759633002723,22.972839141790377,17.681867110083594,18.087939897251804
734,66.32211733609542,69.15680417502777,75.43706977756794,91.0586585625055,112.91816206436332,116.17950324889014,104.37101870823919,90.98985542664506,76.99410654932815,64.98656790939094,53.18279857604648,41.47462635146336,29.649474252465684,21.9835362366752,16.920414753589935,17.309000412347295
735,64.63170892928143,67.39414568550092,73.5143407987689,88.73776881818048,110.04012049840614,113.21833709678789,101.71082547951457,88.67071932656343,75.03169204548223,63.330199790633095,51.82728320015355,40.41752715333769,28.89377279800218,21.423223086875428,16.489149702124514,16.86783114656068
736,64.44682050978632,67.20135491320902,73.30404231671284,88.48392150239488,109.72533470212979,112.8944595489016,101.41986684512293,88.41706381561691,74.81705295912408,63.14903452764416,51.679023705915306,40.30190692854272,28.811117951420265,21.36193883611603,16.441980087120424,16.819578258115275
737,56.52303110284551,58.93889324355223,64.29125022859236,77.60475082587072,96.2345148617039,99.01399321092165,88.95021108547682,77.54611334648378,65.6182349723466,55.384808970966596,45.3250453814175,35.346754437328464,25.268767383622748,18.73547094642962,14.420425158376085,14.751597324740422
738,54.41002059432789,56.735570131643854,61.88783900509355,74.70363864546458,92.63696290425703,95.31253552079372,85.62496954957169,74.64719322138158,63.16521684253946,53.31434882251934,43.630651161551214,34.025380439671345,24.3241405655434,18.035079509179923,13.88134384404423,14.200135742507168
739,49.81422273830218,51.94334236324279,56.660419593983534,68.39371965308081,84.81228739681008,87.26186504476573,78.39256920897658,68.3420419492842,57.829902410208625,48.811097999646464,39.9453437333424,31.151391994767046,22.269577236220748,16.51172813316186,12.708841985372535,13.00070680114972
740,47.886100649279925,49.93281002362632,54.46730685254105,65.74645478846001,81.52952123563955,83.88428490252409,75.35828630746255,65.69677733512852,55.591523366759375,46.921803114188414,38.39920900771462,29.945638221904897,21.407605264723315,15.8726209466715,12.216930286044771,12.497498107361869
741,44.47887120429524,46.37995150567388,50.59180625464926,61.06841139755462,75.72846870425668,77.91568437719252,69.99633433081492,61.022268633401055,51.63603163244521,43.583186124817075,35.66699832818059,27.814922650682742,19.88439452057043,14.74323975410633,11.347661666684742,11.608266306010721
742,41.20370491609304,42.96480068221562,46.86651885822617,56.571687517924666,70.1522631702137,72.17842495749417,64.84220995016118,56.528942439492575,47.833853531244,40.37397289472366,33.04068728738821,25.766792954314173,18.42022295254745,13.65763302636924,10.512085629470416,10.753500853549147
743,38.13983967874238,39.76998216994824,43.38157258415283,52.365074856335404,64.93581283191556,66.81131130680868,60.02060972309794,52.32550825809449,44.276977243023275,37.37180567947481,30.583815668582506,23.85080065771126,17.050514066332394,12.642065442357177,9.730417723689309,9.953881559310892
744,36.053241801581215,37.5942005969386,41.00820400094796,49.50022657818408,61.38323027393666,63.15612183780728,56.736933706391156,49.462824634555936,41.854621839838465,35.32722628288294,28.91060137646491,22.545943835024836,16.117695083479052,11.95042889807311,9.198074925786646,9.409313246855488
745,35.02314917867885,36.52008057988314,39.83654102949237,48.08593439023597,59.629423694680945,61.3516612138701,55.115878457636946,48.04960107356861,40.658775501557365,34.31787696051496,28.0845841942802,21.901774011166967,15.65718950966532,11.608988072413856,8.935272785049879,9.140475725516742
746,34.28359550069763,35.74891749071503,38.99534710126785,47.070545127093546,58.37028050957451,60.0561510223254,53.95204392006989,47.03497902978285,39.800219156124776,33.593215908558186,27.491546217327205,21.439293111986963,15.32657012333753,11.363851069376453,8.746594325033714,8.947464171735126
747,32.96296393287412,34.37184054577223,37.49321508658094,45.257350014339735,56.12181053617054,57.742739965995234,51.873767960129044,45.22315395159395,38.26708282499515,32.29917831577846,26.432549829911036,20.613434363451233,14.736178362037988,10.926106421095417,8.409668503576281,8.602800682839318
748,33.78175550492467,35.2256282516368,38.424536935686774,46.381530984247156,57.51586191968142,59.177054820920084,53.16229905529222,46.34648550007114,39.217627350295515,33.10148162330188,27.089127590109065,21.12546678754331,15.102221254043668,11.197508103029643,8.61856251287983,8.816492045954679
749,31.457443945555237,32.80197282853754,35.78078458983821,43.190307585800056,53.558554766490225,55.10545136177929,49.50453336579604,43.15767336245881,36.51930740750738,30.8239754600098,25.225293948256358,19.671955390120406,14.0631317541564,10.427077522054983,8.025573067114822,8.20988430549804
750,29.027481860760027,30.268151249842827,33.01686168281464,39.85402857833261,49.42137001542661,50.848775018132336,45.68050559950435,39.82391521859115,33.69833655822913,28.442946289295442,23.27674059541018,18.15237529281473,12.976810913365105,9.621627369217808,7.405629555633238,7.5757034859297425
751,27.54837450479759,28.725825071506865,31.334473826365347,37.82325005204829,46.903083645214274,48.25775463504293,43.35283652437023,37.79467113101964,31.98122386736395,26.993624185382423,22.09066464150393,17.227413494454726,12.315572140709524,9.131353363143003,7.028272635600972,7.189680378366445
752,25.805140835270713,26.908083504182287,29.351659566978924,35.42983250321283,43.93510328032062,45.20405204068759,40.60951225724784,35.403062027810456,29.95748391027285,25.2854945629133,20.692789410114397,16.137279946387544,11.536255015794008,8.55353042741204,6.583530551277233,6.734724573023998
753,26.30698083104367,27.431372743260777,29.922469732560007,36.118846646059474,44.78952187021423,46.08314824209291,41.39925712202551,36.09155555752243,30.540075716102105,25.777228848169607,21.095208037332537,16.451106270831197,11.760603885087871,8.719873393758851,6.711562363431052,6.86569669880438
754,25.91079136069675,27.01824965977773,29.47183012815393,35.574888112233175,44.11498087819304,45.389124925194274,40.77577433404284,35.54800803406579,30.080134816763216,25.389017570335845,20.77750912110761,16.20334864627057,11.583486356697904,8.58854999927449,6.610484616993874,6.762297652135593
755,23.586479801327577,24.594594236678468,26.828077782305368,32.38366471378634,40.157673725001324,41.317521466053485,37.11800864454666,32.35919589645346,27.38181487397508,23.111511407043768,18.913675479255158,14.749837248847793,10.544396856810636,7.81811941829983,6.017495171228867,6.155689911679019
756,22.635625072494804,23.603098836319727,25.746542731730838,31.07816423260348,38.538775344150054,39.651865505495934,35.62164995338909,31.054681840157304,26.27795671556175,22.17980434024243,18.151198080315485,14.15521894990213,10.119314788674924,7.502943271537463,5.774908579779549,5.907532199674018
757,21.764008237731364,22.69422805265744,24.755135602037626,29.881455458185883,37.05478516170323,38.12501420831801,34.249987819828156,29.85887728855258,25.2660867370162,21.325739529007997,17.45226046462085,13.610152175868539,9.72965622621723,7.214031803671982,5.552537537617679,5.680054297002828
758,20.81315350889859,21.702732652298696,23.673600551463355,28.575954977002766,35.43588678085195,36.459358247760456,32.75362912867058,28.554363232256687,24.16222857860287,20.39403246220666,16.689783065681176,13.015533876922875,9.304574158081518,6.898855656909616,5.309950946168361,5.431896584997893
759,20.786740877541888,21.675191113399965,23.64355791116941,28.53969107474794,35.39091738138398,36.41309002663339,32.712063609471706,28.51812673069279,24.131565851980277,20.36815171035102,16.668603137933,12.999016701952185,9.292766322855641,6.890100763943987,5.303212429739233,5.4250033152199775
760,19.624585097857302,20.463363401850074,22.32168173824487,26.94407937552439,33.41226380478838,34.377288297063,30.883180764723615,26.923720661886495,22.782405880586207,19.229398628705116,15.736686317006647,12.27226100324073,8.773221572912007,6.504885473456592,5.006717706856762,5.121699444991658
761,19.67741036057019,20.518446479647796,22.3817670188325,27.016607180034562,33.502202603724335,34.46982473931608,30.966311803121375,26.99619366501429,22.843731333831393,19.281160132416126,15.779046172503254,12.305295353182114,8.79683724336402,6.522395259387849,5.020194739715017,5.135485984547553
762,19.571759835144153,20.408280324052352,22.261596457657497,26.871551571013956,33.32232500585191,34.28475185480992,30.800049726325856,26.851247658758957,22.721080427341025,19.177637124993844,15.694326461509783,12.239226653299218,8.749605902459994,6.4873756875254,4.993240673998441,5.107912905435894
763,18.594492474954677,19.389243384794618,21.15001876678928,25.529787187575753,31.65845722553266,32.57282767312582,29.262125515969405,25.510497100899165,21.586559542305103,18.22004930633687,14.910669134821676,11.628091179382734,8.312715999098275,6.163444647797405,4.743915566119995,4.852861923653044
764,19.36045878429234,20.18794801286146,22.021255335307483,26.581440352973004,32.96256981010707,33.91460608579707,30.467525572735344,26.561355646248817,22.475778614360284,18.970591110149012,15.524887039523103,12.107089253533559,8.655143220652073,6.417336543800437,4.939332542565288,5.052766747212575
765,19.518934572431004,20.35319724625463,22.201511177069865,26.799023766503524,33.23238620691544,34.192215412556834,30.716918687928096,26.778774655631423,22.65975497409584,19.12587562128257,15.651966606012918,12.206192303357836,8.725990232007982,6.469865901594209,4.9797636411401855,5.094126365880064
766,19.2548082588663,20.077781857266018,21.901084774132478,26.436384743952658,32.78269221223464,33.729533201290906,30.301263495940344,26.416409639993486,22.353127707869913,18.86706810272673,15.44016732852963,12.041020553650664,8.607911879748047,6.382316971937988,4.912378476848711,5.025193668100916
767,19.835886148708596,20.683695713040965,22.56202286059488,27.234190593564563,33.77201900053218,34.74743406607585,31.21570491831465,27.213612674396636,23.02770769356695,19.436444643549684,15.90612573899281,12.404398403006391,8.86768425471993,6.5749246171816855,5.06062583828998,5.176845603215107
768,20.337726144481557,21.206984952119456,23.1328330261757,27.92320473641095,34.626437590425795,35.62653026748116,32.00544978309232,27.90210620410809,23.610299499396206,19.928178928805988,16.30854436621095,12.718224727449913,9.092033124013792,6.741267583528497,5.188657650443799,5.30781772899549
769,20.496201932620483,21.37223418551262,23.31308886793808,28.140788149941468,34.89625398723417,35.904139594240405,32.25484289828559,28.119525213490956,23.794275859131762,20.083463439939546,16.435623932701024,12.81732777727419,9.16288013536983,6.793796941322204,5.229088749018696,5.349177347662979
770,21.224156943602015,22.131302866742512,24.14109007121806,29.1402527246012,36.135649609799394,37.17933186735224,33.40042463061919,29.118234601351496,24.639367179039514,20.79675939091794,17.019361097262195,13.27255543425846,9.488314307588423,7.035089378978943,5.414808101815327,5.539161836870335
771,19.4335436927374,20.264156657948792,22.104384637560152,26.681784159707604,33.087002109130744,34.042632281268325,30.582539185886294,26.661623634069525,22.56062372265868,19.042204284706845,15.583492827771417,12.152793000510298,8.687816018177728,6.441561716302333,4.957978312827046,5.071840726772085
772,19.51342012623484,20.58651905231792,22.655272003604946,27.545300381466014,33.91249763122583,35.115781809415886,31.624341972967937,27.80988128611768,23.673400900382017,19.928372722818363,16.635795404408782,13.312982452684992,9.814026021788518,7.3039279014426155,5.781664469222895,5.548320150892258
773,18.294541879359322,19.57237249949815,21.829754225882166,26.781459708754742,32.581551606127114,34.08128649574376,30.82895520967369,27.493665559553587,23.620046098857138,19.83893949358649,17.102226997044063,14.255111584318911,10.960880402254068,8.198895086641057,6.738903783934087,5.965361882134532
774,17.9187857788646,19.432320722261075,22.026420327903647,27.283653591428966,32.715003019595834,34.66697972791735,31.551690467708664,28.63604531007721,24.87190148683112,20.86425145700819,18.690344972466846,16.306048633014793,13.075251893795992,9.822502351626943,8.367823085229961,6.8737968050076494
775,17.484467448332776,19.20904761208294,22.193571899340895,27.785629253015422,32.76542985431349,35.28292949539017,32.37195777298881,29.999519613487273,26.38116727434187,22.124306478399117,20.67935924934136,18.907126277396596,15.765967711624269,11.885416106898772,10.455818050473292,8.044400217083941
776,17.251999396279903,19.14220663330395,22.55983863554398,28.551509556681204,33.149231431569206,36.38324850665179,33.71439018705808,31.968836336518766,28.47963536041737,23.905357419405068,23.32109501976343,22.285956208876478,19.22869211387154,14.545473634194812,13.147045474144372,9.593549402199057
777,16.532945106821508,18.513480268679945,22.331888432200294,28.619522570622003,32.687417433624695,36.7450048303347,34.476253272837184,33.56858736512628,30.332298280440227,25.50149343879743,26.020567408440133,25.963738250943607,23.112872991274603,17.54301909971634,16.236320859164152,11.31909243156932
778,15.845747728398107,17.895266227461565,22.130684016441332,28.723167284471337,32.25224846682561,37.197302532909816,35.367396295719765,35.347110570402165,32.36560241683089,27.26386477425253,28.966166119030145,29.963807488618972,27.3350599503926,20.792748516013685,19.5926053795165,13.193373695895518
779,15.312311146131833,17.167108238525284,21.61735139560733,28.258081654593948,31.371378136731177,37.04025932868743,35.6846735754173,36.456532212797484,33.72145346063475,28.519297385504355,31.28881775872183,33.28074031201712,30.891813168202134,23.52314375237867,22.469586999488975,14.803542725406455
780,14.956236804857847,16.577826721221623,21.176025119479423,27.849718892582523,30.719601233393664,37.07044504978694,36.15944612934202,37.62533433096178,35.07920665881492,29.77900297170475,33.50312091257989,36.39518762175261,34.23112330733615,26.075463812784943,25.171199627198412,16.30901439329617
781,14.731666509790946,16.101374652599198,20.786729911138277,27.476846682018472,30.251260840666614,37.23610636700531,36.736136370854574,38.80233109610968,36.395687733643044,31.00080063581559,35.57024513452182,39.27089433427058,37.320842409010375,28.428955160444275,27.673456629860862,17.69359488666084
782,14.589636874563698,15.710320196707212,20.423712924870415,27.09962725384477,29.88675457052159,37.43925020707424,37.31138361056011,39.88270460174369,37.57789975321196,32.10293488765611,37.40201817466784,41.81359202158079,40.067789419133724,30.51885589189143,29.9040305859488,18.918929815367715
783,14.549524321980893,15.413233703505155,20.104948900807877,26.741782303273794,29.628986212383875,37.686142642800405,37.89340531789848,40.88446803402413,38.64713324148033,33.11001991502495,39.04014482173833,44.088648971585826,42.54092229622113,32.4065824288048,31.925094221266786,20.027947012616487
784,14.625478646662357,15.252330029160087,19.897614735324947,26.501739611833596,29.56834447226824,38.08290361648168,38.578787777156585,41.90723849090552,39.699398807929484,34.09691835787011,40.562877814246995,46.16711039533493,44.79825607251587,34.13341900274853,33.769265268684,21.044189334466996
785,14.758800229250223,15.166612527969846,19.749393224538967,26.330686607361713,29.64111364663872,38.5773713178808,39.321239983904626,42.92538180688176,40.718120993853,35.0407047791024,41.96992220981753,48.05080997922583,46.834622241893285,35.674116730033994,35.413655805702284,21.941734626403754
786,14.925605786161084,15.143819085991709,19.655200925488316,26.216248632769357,29.7919271751546,39.09488556781019,40.045684491875626,43.86232348543074,41.635966290617944,35.88700961913985,43.1977076099486,49.6701929490933,48.581091904351005,36.98335959570458,36.810642170446044,22.698495813187815
787,15.107265667427002,15.159731337931069,19.595330911381616,26.14174341765777,29.99898040244495,39.627308110456006,40.751220223768804,44.7329157195714,42.47236540486795,36.651397546358304,44.28269879383697,51.078941892747544,50.0945200337202,38.10155589874518,38.00324734797732,23.335675018145853
788,15.308433641512497,15.213445740469458,19.57258343371307,26.118182568222046,30.284070843611385,40.21991665623396,41.48926563234428,45.60158561501157,43.293911556602325,37.39157109316044,45.30281374468411,52.36371080757571,51.455851289292305,39.08135201618162,39.042410416539624,23.88379831620393
789,15.529533052928725,15.301142863890814,19.585602469897953,26.145729359394732,30.644471001288498,40.87636590375301,42.26682258349164,46.483723547274295,44.11821208023918,38.1238152229619,46.28408477118085,53.563809866170494,52.707668935106476,39.96099504420609,39.96746875747177,24.368140183471432
790,15.779922706479608,15.44665948592852,19.67463044415438,26.285572831453464,31.132831408194242,41.68060932184225,43.174280307071186,47.490086649348086,45.05938311958952,38.94833954736896,47.355455222173724,54.844925408268345,54.025502142291124,40.89385526088544,40.92823879840632,24.885502081842592
791,16.08386561199742,15.644492605875191,19.824071696190003,26.513558598971162,31.751447714307556,42.655446021109775,44.2451469442619,48.666135321611364,46.16152202401255,39.90782911106388,48.582165749325476,56.288485520196964,55.48839688062123,41.92980883462639,41.97803439840781,25.46660615460834
792,16.43582807069028,15.89397373153562,20.033796497652606,26.816032250419603,32.448592121497704,43.71954589949694,45.39724779206569,49.92625113856671,47.344070551450514,40.93919803461644,49.88354145641357,57.82526250001605,57.04395682090256,43.06208200856833,43.114770356565906,26.11942038467974
793,16.85091249610793,16.20625467839844,20.317761816475986,27.213493111998105,33.256604138360025,44.91880238163555,46.67997704396995,51.32567205657012,48.6579786329091,42.08523865134469,51.31391689487204,59.51905670845762,58.756768892029996,44.33611941552291,44.38668578939496,26.86879160231495
794,17.275121430343592,16.54378901641342,20.637024778914565,27.646570596633474,34.06396128285841,46.099962412599,47.937939207057106,52.69589043511275,49.94738898396957,43.214938072971044,52.714120551035585,61.18410261930122,60.443285084888366,45.61449024418042,45.655849628157675,27.633738974695657
795,17.723772063641132,16.915560595439143,21.0008445927194,28.126176291771117,34.89419430881909,47.294530766694415,49.20575323776887,54.07641347400256,51.24730638300051,44.35820281290243,54.12230985216307,62.873182669882745,62.1629327286646,46.94709385772343,46.97742482516306,28.444435277941334
796,18.20296885301624,17.324709255688763,21.41224834573482,28.656723829906696,35.75867974971334,48.52028410883889,50.50399863281044,55.490970581206575,52.58004761759211,45.53460043920807,55.56408296630538,64.61791216251939,63.949832470223164,48.359256371674874,48.37853732334114,29.31529934621832
797,18.71883857903205,17.772599208133084,21.873330345884305,29.25064709637289,36.699243040893116,49.84367690496999,51.902702727520854,57.01486200993999,54.01696353918695,46.80152300367289,57.11273519557653,66.48622373501998,65.86103002567104,49.869986563393205,49.87682044213235,30.249045917375238
798,19.22676547015856,18.228361535817644,22.35213132336269,29.85729760443532,37.61380027468788,51.11742249260143,53.24908693926721,58.48082081315962,55.399912059948164,48.02515470871965,58.60414933013453,68.29585474233863,67.72124953668208,51.35813765921336,51.3518356432311,31.176321561066093
799,19.711932736747777,18.678414573882296,22.835566015480385,30.46482020873996,38.49066415319248,52.32955710209041,54.53076375404479,59.875755584113776,56.717568339394084,49.192963609543895,60.024691902614514,70.01792405800396,69.49256393817657,52.77857406973765,52.75853610187193,32.064767658757056
800,20.199196575642677,19.136605209154887,23.337035030775173,31.096804214132135,39.38588034928034,53.55921660453636,55.829079557991854,61.28809011501965,58.050426163566954,50.371495067402066,61.45695204513426,71.74789144720178,71.26923984869725,54.19724888523381,54.164806758168844,32.95086410032646
801,20.69082525011098,19.6023406159246,23.854606165521805,31.753404424455116,40.30843668825764,54.82330297328008,57.16253686707049,62.73886173790431,59.420553147792816,51.58029746992257,62.92520347083727,73.50893214563673,73.0708094450313,55.62435723805733,55.579598175700085,33.840493354351175
802,21.187994831819587,20.075034392868215,24.387455096816797,32.43740154446433,41.26940036422093,56.138709338427624,58.547776524105885,64.2448761920085,60.84284969146029,52.830535899505776,64.44375067213385,75.31295143946461,74.9054204442248,57.058857973100984,57.00082810259125,34.730137636744466
803,21.68913457290338,20.554183967684885,24.933570464348513,33.14200876887584,42.25016631972331,57.47596779016385,59.95340090545869,65.77143497203257,62.28349078687149,54.09515109533303,65.97895430281382,77.13135630658091,76.75074870272498,58.49676060297952,58.42447686618243,35.621496227824665
804,22.218250855464117,21.056882435155007,25.508974532170082,33.893741764207206,43.309271693777454,58.923739664013866,61.47289091409558,67.42033100679224,63.84196034261394,55.461276457579515,67.63667952999536,79.07813229111265,78.71505807233565,60.01225669274546,59.92029239862287,36.559484947614884
805,22.786739890975564,21.59171218798292,26.121960020478582,34.7005025636359,44.45446088395589,60.48656929100616,63.109463900179044,69.1945680645861,65.51727858398954,56.92790962584071,69.41522289027333,81.16403650242864,80.81640810588722,61.63111328978474,61.516615314153306,37.56189201794151
806,23.37709711167086,22.146455082858147,26.761371088670007,35.54879783502994,45.66011021869417,62.13021465875863,64.82698230042868,71.05464468175965,67.27244456590961,58.46104409565383,71.27398216313148,83.33445472412625,82.99501228378956,63.2981616428329,63.158533803231094,38.591236326391154
807,23.980427742853603,22.71609107036238,27.421433047747996,36.43115244434531,46.91275685593376,63.840329365256494,66.61177989840144,72.98579610671524,69.09766384005499,60.05454513298719,73.20488931988517,85.57327088388774,85.23039373603686,64.99420375712361,64.82306536027318,39.63722391641743
808,24.60697371723836,23.3072138478123,28.108828789773074,37.354865554789804,48.22330370505214,65.62738801541751,68.47381050842887,74.9989201118759,70.999927024271,61.713521781728296,75.21438772746842,87.89732152248247,87.5452210064772,66.74377526481683,66.53819931829263,40.71515772162353
809,25.234836136656927,23.904695252166544,28.806801800800844,38.29193311865155,49.536056551711226,67.41202596224632,70.33165284151308,77.00575748078907,72.89737475515669,63.37046800343445,77.21905519782688,90.21580573662166,89.85363356953687,68.4919812909923,68.24866001817256,41.79640265057807
810,25.883209185511596,24.520698232554423,29.527910838357325,39.26758020847098,50.912122011174816,69.28755276948088,72.28330321384627,79.11316175552669,74.89306215940736,65.11197513033117,79.32528576824656,92.63612533979123,92.25248605886334,70.29269241707698,70.00584997549997,42.908099818873325
811,26.571449989014322,25.171028125054104,30.285373008750476,40.29370696044862,52.36898134938175,71.27460566253129,74.3504765574102,81.34445483549644,77.00911173778799,66.96205374819043,81.56032319539943,95.20365268409452,94.7956616348886,72.20582336604626,71.86818133421015,44.0961618223058
812,27.32468621249479,25.873486216773017,31.096990298317387,41.39871440463269,53.966665786162984,73.45932006561218,76.62208998720442,83.79581750910438,79.33508593918148,68.99558154729779,84.01611172179972,98.01952877720682,97.57982584149171,74.29511763781349,73.89769995465433,45.39597968845497
813,28.106189463534715,26.603196515340773,31.938510932686768,42.54303528453446,55.6170116045796,75.70911906029973,78.95776108899165,86.31340429296324,81.72016190624448,71.08007774264817,86.5326840565423,100.91051121708941,100.43866605696232,76.44435876951398,75.98384952723856,46.73561624030286
814,28.92692880126768,27.36851553928448,32.818611893237694,43.74140786758861,57.35268204564896,78.07277419116248,81.40856473120895,88.95239188045214,84.21726899270705,73.26060896969986,89.16529237338962,103.93333605143718,103.42420067362556,78.68439023513123,78.15631397737343,48.132148364122386
815,29.784063050645013,28.16785179703168,33.735475152340896,44.986966470312574,59.15454134315847,80.51817360184266,83.94046405647012,91.67566121686208,86.78878133082799,75.5047114457988,91.87354480389435,107.05162537808557,106.50653302075678,81.00250683645507,80.40541748686117,49.58036298067431
816,30.753062401661996,29.051855419325875,34.74247294989878,46.36492319053286,61.19920914375221,83.28960579159995,86.80312865998816,94.75176444606768,89.67815389776946,78.0132258434213,94.90538054413628,110.5473736221281,109.96016773204506,83.5864730538112,82.9209196184264,51.18447892102852
817,31.24968246037367,29.59998262566348,35.42518902854629,47.32364329613328,62.47496929381253,85.01506895868235,88.57673477309488,96.63202697686731,91.45477842385819,79.5399354081536,96.75423903203435,112.53063448377154,111.80912876879718,84.79561165880439,84.05122738611772,51.902286729087145
818,31.738833125500346,30.132560321530036,36.084844789657964,48.2559121898152,63.73908519051319,86.71815454492857,90.32387126245574,98.47915999007611,93.19534361354688,81.03466297568386,98.56293682562448,114.4689286938171,113.60883296461596,85.96365866254096,85.13515401113311,52.602377211161965
819,31.967297459425804,30.469176067964195,36.53422125884156,48.91493374527844,64.56132427594743,87.85736207586471,91.49959849390818,99.70792189446313,94.39498826053412,82.07831839836061,99.8223246967183,115.67283805095629,114.61265488167035,86.45390715642732,85.51266828864156,52.894085031842096
820,32.0155496861571,30.642809044542187,36.803888153095095,49.335831225832536,65.03421894100809,88.51045469191688,92.1701492139473,100.38708929334045,95.0722512136256,82.66474946618135,100.5275309355576,116.22919286629856,114.96735455502156,86.44113780786574,85.39555995999672,52.87485824649515
821,31.99829497695646,30.74835526377579,36.98329766179112,49.61455303873351,65.29359550265144,88.85131355883537,92.5175280353677,100.71718362681766,95.4161978209361,82.97401571843277,100.88949957767545,116.4419764788363,115.0157887816466,86.26401069645506,85.11946455509653,52.782447912875796
822,31.94319276680835,30.799469657158625,37.085354616802114,49.78275378551085,65.43415057713044,89.02561079902183,92.6949560325494,100.86528810084928,95.58591269252689,83.13815103448984,101.07226434792808,116.47583017956796,114.90644892438988,86.0022128157186,84.76111438080287,52.65348715481404
823,31.7473174522898,30.731654145054044,37.043486661293045,49.73076231988307,65.22001903213095,88.70586108822421,92.36568369167018,100.4674159515146,95.25044915455146,82.88286145147244,100.73792156626276,115.94297571979561,114.25849323434366,85.38944007042326,84.05015713308863,52.33796041226508
824,32.016859101978426,30.97994356559372,37.28377464059382,50.033489316702926,65.73053079439238,89.36964161440171,93.05977560032572,101.19105404505171,95.95616955075197,83.5534371070966,101.5138852844931,116.85407710071506,115.15391923544095,86.12635806312353,84.69239464787292,52.91091669782899
825,32.32637746907624,31.23454731725048,37.49490208590526,50.29178586883375,66.28146135295849,90.10841363756585,93.8355737996613,102.00277872235112,96.75163075101538,84.31385518156354,102.3914029675013,117.89710483310306,116.19238292556994,87.00261421692383,85.45998205118369,53.59054169685468
826,32.932627927360954,31.63349280582614,37.78776930686139,50.683703384663076,67.36872086536148,91.59880369031713,95.37877050064397,103.63896052662884,98.29073290921588,85.70621694549196,104.03116203198988,119.89438960185491,118.22602367244119,88.68684209497405,87.03442833746924,54.77308390828148
827,33.67051797369614,32.02358791343223,37.968603745120554,50.96345616772253,68.70042054796848,93.50636240494818,97.3531201744263,105.7395859207614,100.2706874017006,87.4835323464987,106.13346532560743,122.4321883173834,120.80456763158145,90.79712158174945,89.01235412678683,56.22583188301581
828,34.45549787087969,32.29441624980167,37.89991401498654,50.97389998174497,70.16171635661314,95.70179264854336,99.62125450637177,108.15039440769604,102.53849728597665,89.49862663362157,108.52785540371484,125.28512338113069,123.68605952074851,93.10204155846999,91.16606307227201,57.781901483890316
829,35.21404503100452,32.39504990603824,37.52901992435208,50.63343113890681,71.58765952724778,97.95819669519967,101.94600257804008,110.6098819518572,104.84553061995446,91.53824147708941,110.95845420974312,128.16538839818193,126.58855578031113,95.39526741158885,93.29038916315365,59.31277149279413
830,36.002354351916956,32.37744731897562,36.91819822207799,50.029747347481006,73.10815753667859,100.46338835866742,104.52544380653646,113.33082031697528,107.39081458537215,93.77281175241036,113.63751322757578,131.3098268115604,129.74048013582356,97.82906997589141,95.53281424269868,60.90128903219296
831,36.78439912927518,32.24093519782842,36.08451374646055,49.171369477665785,74.63943733334652,103.09282395208564,107.23251195251058,116.17387294818607,110.04610441598405,96.09705073651483,116.43945966702891,134.5748304893446,132.99841547545188,100.29962781678647,97.78752344609828,62.48640279318651
832,37.6034274575325,32.053844185896324,35.12101221166371,48.18923461255846,76.32816861347965,106.0693602157605,110.30060079470682,119.38035422238474,113.05165773592255,98.72283075560101,119.62723259294684,138.2127383029895,136.5731912954247,102.90789341716261,100.12906292228243,64.1169105413315
833,38.42202547414724,31.847401728906853,34.106116679837996,47.13602324328791,77.99893353610865,109.07606538373823,113.39652771570192,122.59049274150831,116.05325706884625,101.3497332805525,122.83073975063442,141.87031832906385,140.1594017083571,105.50734340257883,102.43073778032405,65.72482879834206
834,39.26439432941697,31.704864328651507,33.191521523528145,46.200595309048886,79.72773763426865,112.16291311751931,116.57393837600414,125.8752322892095,119.11756466206965,104.02924260553924,126.10598366575245,145.6032216842354,143.80664307676125,108.12642615115783,104.739568582869,67.3264799304087
835,40.06404785807068,31.628682394333737,32.41990749901301,45.4186950430828,81.37719555049105,115.10211625968337,119.59877733356136,128.9840176776223,122.01525557560048,106.568734915906,129.21558289237197,149.13309697989877,147.2355846274786,110.56119050684421,106.85633382348169,68.80595758840238
836,40.892427012288216,31.685387165472484,31.87332138689947,44.90340326626444,83.09826945367968,118.08626568682978,122.67308136963402,132.14152648397794,124.95978246176362,109.15383399226474,132.382161198562,152.71740285778884,150.7032563235155,113.00861332717874,108.98041273831821,70.2899353253914
837,41.70923331629092,31.84363694811691,31.520851282689755,44.60898846343947,84.79470347601715,120.96532882722386,125.64093822166458,135.18314315985324,127.79780288646465,111.65407239325785,135.44101510051456,156.17556636116518,154.03870853955672,115.35968247541574,111.01190617706392,71.7229880376469
838,42.5081582143157,32.08750575413952,31.341118826174093,44.51024131322213,86.446419751559,123.70161077755256,128.46236900249954,138.06875674313414,130.49069251206882,114.03559882164647,138.34837852083132,159.46581514769267,157.20808835596577,117.6016831131388,112.94249952968845,73.10358293646757
839,43.35049619620492,32.44949619385885,31.35283794218958,44.63942247210279,88.1739397181144,126.46694466209114,131.31467421411693,140.98390606907873,133.21012466728902,116.45020130525154,141.28645334067187,162.8028426000887,160.42735821498405,119.90138037156703,114.92501707596004,74.54051864638716
840,44.30948494109985,32.967435535677005,31.58239107140019,45.05314817713952,90.16629943844808,129.5450828495897,134.4916253830561,144.24505427157783,136.25914573895457,119.15812975032297,144.56788255925053,166.52044405509332,164.011210665462,122.46589944940193,117.15620365591778,76.15683185010286
841,45.275019692915,33.553384365484035,31.93615991922317,45.61129735872756,92.15512355047083,132.54780903339946,137.58945341350616,147.42464626819077,139.23452504048277,121.81146397006576,147.7710827319817,170.16037353825908,167.52692602351038,125.011149983814,119.3749349301357,77.78684607698544
842,46.2829571347468,34.22002109447151,32.41775743677421,46.331581011829776,94.23757229784003,135.62191376257448,140.75859843532453,150.68303641647591,142.286027953248,124.5351787877953,151.04666074903227,173.88351553200872,171.12599358388667,127.63173178355153,121.6697546891706,79.4810917752419
843,47.29438678182331,34.92963174094153,32.981785577143974,47.15513126357265,96.33690199868163,138.6672574282836,143.89670735479947,153.9115923504152,145.31501906506205,127.24492755658503,154.2925746916478,177.56705211622284,174.6848683655418,130.23285940999162,123.94805099153238,81.182075644358
844,48.2956504421332,35.66142555155602,33.59854082223735,48.04673421651595,98.43178446883705,141.66446854610953,146.9856326726206,157.09168451734513,148.30614419300815,129.92766165137022,157.49602862596632,181.1902137170187,178.1786655379032,132.7883372532906,126.18417984850268,82.87100208614187
845,49.28163251952511,36.40108381194165,34.244454571111156,48.98279712956251,100.52842501826568,144.63807503681372,150.0524870186039,160.2511350975635,151.28873842133595,132.60810085699345,160.6863337524914,184.77230072818642,181.6200220247512,135.29196469650353,128.36764753085546,84.53889271492906
846,50.24782080468166,37.14185379353434,34.90325002143462,49.94712915531064,102.62932939887936,147.60455633576098,153.11712178362828,163.40634946718325,154.28947256142678,135.3203980042152,163.90306630554446,188.33900365927497,185.01764281549055,137.74036714573518,130.48158153442026,86.19652216642733
847,51.172190799146584,37.865247039552614,35.55218739691814,50.89349405787237,104.63657609596443,150.40973286534583,156.01663781898918,166.38133017903237,157.1313389834265,137.91209400508782,166.96257312074002,191.71929577976672,188.22940663726044,140.0691129965913,132.46954330970013,87.81339932952129
848,52.03126787398911,38.54816888701784,36.1698163265142,51.78418137322348,106.47632702721707,152.9428325937983,158.63186686907025,169.05384472519967,159.68728476876277,140.2607026053972,169.72020104850188,194.77658639284968,191.14330109860202,142.21211849837346,134.28738513559944,89.33464346581461
849,52.842043861011916,39.201577518525355,36.76499574792927,52.63782751711187,108.20407391497325,155.29293581810114,161.0581381478296,171.52512446169098,162.0552290891366,142.45240330285898,172.28294520677835,197.61712877414175,193.85150673988912,144.21988688454414,135.97965787401856,90.78978938608543
850,53.5867219378506,39.811455383490156,37.32387460436309,53.43570849753554,109.78691358200065,157.41757907838578,163.25252776549834,173.75052741671502,164.19534572717853,144.45172519056516,174.60755821248338,200.18820608914288,196.30141954267518,146.04914383166422,137.50800241928806,92.14861894023397
851,54.26456090305432,40.37589072063175,37.843941774468995,54.17318609068856,111.21912952178744,159.30800212259106,165.20636199467273,175.72019124379534,166.09408520456054,146.24472469361197,176.67567161119638,202.47411564881673,198.48405399989497,147.6962227673261,138.86876387061497,93.40764296153611
852,54.898643255266244,40.908353906314524,38.33896392650708,54.87867599266038,112.57821595404519,161.07857813282058,167.035210175974,177.5558419780682,167.8638245110898,147.92384884200095,178.60123816322917,204.5902961096443,200.49981541291268,149.21239372929605,140.1099114654488,94.58886304331658
853,55.38747040047955,41.33804185161379,38.74189569847139,55.45188190712361,113.64379669956959,162.40691501542148,168.40402140630664,178.89749823837545,169.1670753258056,149.19874357576606,180.02812630764078,206.1335105457417,201.95862884455295,150.3193295708118,140.964320201657,95.52682831674
854,55.7682547561261,41.68753432166419,39.076876176611094,55.93779599160708,114.52935656099466,163.4555334438394,169.47786108876866,179.92028928521955,170.1649693936644,150.20163710449353,181.11758119550254,207.27177712947508,203.01305453787194,151.10252727572984,141.51477762323677,96.2620007888341
855,55.42908076888333,41.492795808486854,38.930558581126334,55.83829422801033,114.31723705822411,163.0219712451861,169.0231910731106,179.33343269057565,169.66930721512992,149.8352816652992,180.5687010000147,206.29020115011295,201.8288552494557,149.91828197049264,140.207723682086,95.62934859241341
856,55.03842181229292,41.254301398927055,38.740920778803876,55.66290565209004,113.93996163461581,162.32712991010598,168.29214152199762,178.4518147407294,168.88274919975498,149.21524473184505,179.7119290458052,205.00502849618715,200.3796794106342,148.5851885138623,138.77208248609168,94.91633061589853
857,54.58831438292301,40.96920302692524,38.50200926246907,55.3961215523689,113.35481365848266,161.31569693789737,167.23065121296116,177.21931227610963,167.7555261818899,148.30415568431894,178.50288319979467,203.37672505569208,198.63684341125034,147.1026191870972,137.2062175013369,94.12962072196544
858,54.029103125874826,40.60115844154383,38.179653833774864,54.99065963289987,112.46594006679463,159.85898032844904,165.7047612216099,175.4951435703042,166.15872432030716,146.98755710542795,176.8069154213013,201.24374948902914,196.43431446281465,145.33998677305837,135.3879639689055,93.18229722510036
859,53.404305764470855,40.188337782927455,37.80962563047511,54.48167500972964,111.31490577227773,158.00051995830654,163.75747272855162,173.32288709671047,164.12838533529379,145.301725569085,174.66412761873184,198.6837598021328,193.87018687633463,143.41096294887186,133.4291304107233,92.16034573764045
860,52.81257903512311,39.803031254403585,37.46133705940026,53.9828768755433,110.15633565508013,156.10554174484267,161.76997845240163,171.10367232487104,162.04851678657982,143.58734658930138,172.4813216228592,196.12844504572058,191.34887038472047,141.5812063994451,131.57005445300274,91.23260585280865
861,52.19832146139171,39.407791540297694,37.09832579198025,53.441649827013215,108.87572380346371,154.02203366094858,159.58971748606044,168.6777342079253,159.7782536886277,141.7250197233521,170.11403955698864,193.4028943742804,188.69346821107243,139.71725373578687,129.68091713982903,90.31788591636516
862,52.23631569554449,39.50413387419888,37.170594311793266,53.423420830300266,108.56518022710952,153.23332733059837,158.74332351937952,167.65710689359497,158.80758562806867,141.05779412752443,169.17444354105413,192.55219627865466,188.03973583222094,139.64204520448843,129.49358425996044,90.65553161305863
863,52.248321817836505,39.5854963112584,37.23354266443078,53.401451853334684,108.24440757605824,152.44069888904934,157.8945195118327,166.63539529523248,157.8430823722852,140.3916397631188,168.23577983913387,191.6697525571747,187.3380776429905,139.50257191914872,129.24724723049206,90.94182175166186
864,52.22246850332652,39.63957100496815,37.277532344199116,53.365125641805726,107.90032724269311,151.62571460137093,157.02101736603956,165.59025807259292,156.8573804395767,139.6939396762552,167.26162008817897,190.71307292551086,186.5420620379048,139.2530496369371,128.90327214915956,91.13672890696931
865,52.23941006922593,39.724333504609085,37.35765373881337,53.402323574405145,107.72775053234416,151.06806740140487,156.41314600732326,164.8280878626096,156.14205542302443,139.22135736186414,166.5599042394268,190.01732063694934,185.97092118731078,139.1111971189782,128.66108283606394,91.37384602259264
866,52.25960033506557,39.80793342307983,37.43949014376891,53.46346303091663,107.63418452013346,150.64707878021676,155.94967741151154,164.22293958440943,155.58188842354087,138.87685648758114,166.017404470837,189.45657811817986,185.50252339296094,138.99053702154742,128.4394353168921,91.60073861171271
867,52.2042817362435,39.83415154949372,37.472251255926885,53.47453547246395,107.4567705796014,150.11933822672967,155.37520319638134,163.50013232475456,154.91471764200728,138.43023091036488,165.35115726944423,188.70999365815493,184.82487385557891,138.66389209553563,128.02165300368375,91.67782631967111
868,52.08694612897619,39.81302727901831,37.464278395299125,53.453902885737726,107.24260646547658,149.56079105381494,154.77022723473783,162.7448576182942,154.22773827828965,137.9609765879946,164.65680545195679,187.86932966512592,184.0156342424681,138.17331191153608,127.44109704398839,91.63136684291256
869,51.88326952982762,39.7261009334387,37.39388730950876,53.34588277475216,106.85467018893489,148.77346962510273,153.93099887361626,161.74816069874421,153.3143607716094,137.28633707975936,163.72316939614186,186.75090136316794,182.9309006164393,137.46849933516438,126.66444551010864,91.4350377266827
870,51.564187044004676,39.551474671322076,37.24046378306749,53.115647064220475,106.21697646155111,147.64646906634673,152.74291259150985,160.39007604692026,152.05791541240615,136.30219487715553,162.42631180074957,185.22518915356446,181.4513209079323,136.47097357467516,125.62357223221208,91.04018393254046
871,51.20788984845837,39.344883906730374,37.05732838842336,52.85411342250102,105.5382610031177,146.48309877018775,151.52153471692301,159.00284284482456,150.77894244655857,135.29145249852237,161.10364328148768,183.64573300713684,179.90339706190207,135.38927283395319,124.50578517040516,90.57377539564888
872,50.76680436074925,39.072699506582076,36.811107217006274,52.497748679070874,104.66783602394051,145.0624773264504,150.03801123722693,157.34602687621268,149.24304269543114,134.04812880841357,159.50954535668487,181.76701697437133,178.06918802075546,134.09914573726823,123.20332353349424,89.96414476717266
873,50.24181275392506,38.73385126519575,36.50367334526319,52.059665896181414,103.64497066331595,143.44080524772758,148.3495226135705,155.47864885683626,147.50742651224937,132.61866136899334,157.6969871239427,179.62801163631073,175.9740203967558,132.59248978805667,121.70370940307059,89.19682273712793
874,49.63579287847616,38.331919331439295,36.13755038690111,51.52772770303636,102.42252458282746,141.5285239543347,146.3569826086979,153.2924628680942,145.45714597460807,130.90337105360544,155.5444515518736,177.13132471263037,173.5493585252381,130.86313390008712,120.01071485148115,88.28165887491612
875,48.921283012118046,37.846709470806154,35.69354270785074,50.86095745777077,100.90053309370809,139.1745424922722,143.90438518012266,150.62477169044774,142.92980935447227,128.75697247345565,152.88156091072855,174.11409589610204,170.65583354405473,128.83779557882735,118.06628541718393,87.17630958089752
876,48.20111877908702,37.35204357453664,35.24082999650636,50.189210595868644,99.38954408745381,136.85098891176418,141.48681101941733,147.99949025136812,140.44299707134425,126.63906446679331,150.25937392855278,171.13098508735857,167.78725571637344,126.80849628584085,116.12366266227374,86.05210820434642
877,47.49302444689186,36.861945413859885,34.792282803157185,49.536613248986086,97.94448385561398,134.64063761555008,139.1900847507573,145.50611848345008,138.08699117687553,124.63168526590951,147.7744304971841,168.2767772203884,165.0263585040437,124.82429019136596,114.22218751605656,84.94063442459499
878,46.755988218126994,36.34649003521242,34.31936472948395,48.85002729380046,96.438745053761,132.35726970641085,136.8195569847594,142.94029572068186,135.6610102874542,122.55452726330883,145.21114549860638,165.33456396716585,162.17769297729163,122.76880091752095,112.26062400678451,83.76907228238504
879,46.01812822847699,35.82656950688527,33.84197754356189,48.16380624776554,94.94849186188314,130.11013549956053,134.48543544269236,140.4164351961408,133.27658129552478,120.50670793569641,142.68655835750178,162.42548652703616,159.35027080726806,120.71146449410948,110.2977034272413,82.58087971212497
880,45.27712753795692,35.30083581575361,33.35874805802918,47.47355833421846,93.46131565797363,127.87926834147427,132.16675126504302,137.9123079754068,130.91135009961621,118.46898003831146,140.17782060745125,159.52912252941783,156.5275200513835,118.6459292183798,108.32889845469981,81.37432765738698
881,44.52516257203284,34.76276673510178,32.86640901118153,46.78349144450736,91.99359079495584,125.68499891453394,129.88482462383763,135.44818829777068,128.58431805315922,116.45619288212662,137.69916690108064,156.64396612905017,153.69769988698525,116.54187149109748,106.32301791977157,80.12523250949926
882,43.78213417549757,34.22809874646399,32.37914501847523,46.12036655056155,90.60662697141743,123.61967261506288,127.73539596806846,133.1237976897251,126.39608126708013,114.56071825605093,135.36020160351887,153.87829002932318,150.95571798981004,114.45651088156463,104.32715386426078,78.87152593760091
883,43.03542031619664,33.68798821985677,31.88570268199484,45.44594264661958,89.1989737845345,121.53284662026583,125.56122162046346,130.77736329344302,124.18470848612768,112.63827171506584,132.99308917255726,151.0905893317005,148.19404430351227,112.36133257675309,102.32591889645326,77.60256407039664
884,42.27168896920687,33.13308933264437,31.37696857635092,44.74719701101795,87.74352045386227,119.3890903426405,123.32733921018787,128.37254017071766,121.91738128722811,110.66084978775221,130.5647794746453,148.2410633542209,145.37286866157436,110.22547705391584,100.28969496562551,76.29858121398918
885,41.507239985526084,32.57527065293315,30.8640520477181,44.03917067196484,86.27193233358412,117.23117828152057,121.07692733448441,125.9548407657733,119.63639513217537,108.6659328861663,128.12072838178054,145.3843005279367,142.54737552491082,108.09211860994219,98.26064174780211,74.98810402995046
886,40.74549781564279,32.01642011537427,30.34973392919554,43.3316875919471,84.81212527816076,115.10237642074728,118.85708586060302,123.57409129380436,117.39034013757659,106.69573438040918,125.71155891156273,142.56490257244772,139.7538437457089,105.97264349321813,96.24826993947525,73.67347496905339
887,39.961832149996816,31.438331809559582,29.816646111661353,42.59457051382664,83.29577477246494,112.9035125667064,116.5645889447343,121.1220878891493,115.07365085618429,104.65584516292438,123.22524893184838,139.66745812752455,136.88709543388177,103.80076528459593,94.19458663844254,72.3126986411041
888,39.12794075030953,30.82187613755949,29.245805007771974,41.79465083956321,81.64555349885268,110.52155855352248,114.0826341834862,118.47509774457389,112.56825958353978,102.44462628896665,120.53864586274982,136.56251298488496,133.8281831211529,101.50276800734173,92.03043466014113,70.86592256076672
889,38.255089722289995,30.17491363281702,28.64479411121647,40.9546240900849,79.92371391854302,108.05460002692469,111.51590422439143,115.74322967204093,109.98660694691041,100.16356119165357,117.77201074501447,133.35909744687783,130.66811847673878,99.1176677817535,89.78465811165135,69.35231126878612
890,37.37583321143341,29.51951848756133,28.035090595468187,40.10353163715835,78.19134203766433,105.58545541859505,108.94951131948463,113.0172286820915,107.40959053429417,97.88027669116802,115.00917927920091,130.1601914220108,127.5118182405131,96.7267422913002,87.53871056265962,67.82042051394221
891,36.50591968188045,28.867307410840763,27.42833966489187,39.25917787723353,76.48497000226105,103.1611440788994,106.43075591413852,110.34536597039603,104.88128364570055,95.63338068260782,112.29504444943503,127.01596959156086,124.40770763438039,94.36482882566608,85.32416450442075,66.29357479446402
892,35.6473345734916,28.220052917387875,26.82594771708786,38.42145506207505,74.80074604090312,100.7744222270859,103.9507010226797,107.71776551299523,102.39106120432812,93.41335392779573,109.61856350075739,123.91899857030408,121.35125777555731,92.03466776800451,83.14342986298236,64.77429094802808
893,34.8482887230049,27.612584793671754,26.263623287353507,37.642780154302145,73.2442854129965,98.55676038472198,101.64057070852712,105.26852326306835,100.05743015687351,91.32177088300419,107.09920592195911,121.009765198197,118.48159799166855,89.84039760132977,81.09751774754425,63.33058197545454
894,33.72838553331998,26.749790470381672,25.46851399109125,36.5810676494605,71.18613288940158,95.72236813224299,98.70077108901023,102.17591003732898,97.13151903771879,88.66725637889873,103.9318156652402,117.26053573794654,114.71187737354298,86.82495103407356,78.29760148156129,61.246268941616755
895,32.533135930804356,25.823729886358706,24.613552763911553,35.431774138729715,68.96027461429912,92.66293572416387,95.52689440650647,98.84348530615691,93.97043318877124,85.79111383938809,100.51008926309389,113.23560287552287,110.67546124175298,83.60929078996612,75.32624124530854,59.009560823148476
896,31.285025978048775,24.854314660392056,23.714176151643187,34.20448999466108,66.57090698800572,89.37895895548301,92.12149464708844,95.27422824450903,90.57838016539816,82.70576773474646,96.84763137275824,108.97315893757695,106.42662481824924,80.26699771706106,72.25171017273922,56.68746737759206
897,30.008993026165367,23.85866159104132,22.78626680637899,32.93593357428108,64.1139670742159,86.02118529086978,88.64524543000516,91.63804986859707,87.12635165417045,79.56499464633349,93.12793920637394,104.64903397984692,102.11716379097041,76.87760665383472,69.1390668993268,54.32348474463366
898,28.70621249834221,22.841073351493055,21.83382632214229,31.622679090042634,61.56604437331095,82.54907000283336,85.05408314626713,87.88799598789203,83.56779966963275,76.32874792532832,89.3019182241395,100.22269889611665,97.71757143672377,73.43931189700614,65.98844650607732,51.9246821957539
899,27.401408643374452,21.820984647964256,20.875050448001794,30.293568132992473,58.98766504671481,79.04779557707765,81.43671917529355,84.11599735220236,79.99204140535689,73.07883239225443,85.46552987391676,95.79570941625207,93.32308686818371,70.01800219563587,62.85641415248964,49.53669039829739
900,26.042786856835196,20.761820205283065,19.872525599365222,28.887503073020657,56.245528412615904,75.34100431415469,77.61376163205361,80.13678505495253,76.22857662902867,69.66720105518574,81.4431814192602,91.1772526746806,88.75319931108814,66.49415201323895,59.630930087898115,47.08549702178789
901,24.988661107250145,19.942533045400914,19.084022525446926,27.724373984805943,53.9228602408787,72.15348890741838,74.32270961061658,76.708245202728,72.96690223272319,66.73199813546047,77.97779338955037,87.32341097846854,85.02448449357742,63.77146625649792,57.15294809694309,45.25064417053545
902,23.96928686991409,19.15155234600622,18.322108339092146,26.588085891638393,51.6406606588259,69.01690781793566,71.08476797266277,73.33747270278036,69.75597298331142,63.841640587685106,74.56695829996222,83.55244361350871,81.39276735572639,61.1448075867785,54.76958353473674,43.484020030725205
903,22.944946440376953,18.356395785411483,17.55933366634937,25.447055330505723,49.343971028679725,65.85925323457506,67.82473079091089,69.94670669048772,66.52011853626702,60.920799042582075,71.12350181814743,79.75195135560769,77.73826402519522,58.50219847504741,52.38005873681426,41.69577471789645
904,21.965143182553998,17.5972197548004,16.830927010416676,24.353488462936575,47.138289450469266,62.83093813553673,64.70004330254856,66.69938887029639,63.422885639435535,58.12459224470253,67.8285443979834,76.11882617614278,74.24900501926615,55.98464966772735,50.10699834137709,39.99135404803902
905,21.049993999307585,16.88700155933475,16.14863163267624,23.329828871686395,45.07972467084567,60.01113519267944,61.79308901474724,63.68086834549987,60.54586178831648,55.526631471056525,64.76899834368149,72.74380964404087,71.00854880400168,53.64508499736231,47.99670000382658,38.4049256249122
906,20.168682138989034,16.2016472007334,15.490346977781362,22.346470454524802,43.11071195828117,57.323741927925894,59.02455547775077,60.80884165480062,57.81101528077956,53.05426034062683,61.85977912110424,69.52648005660843,67.91452192963801,51.40023433338268,45.97354741485002,36.87515179714838
907,19.325980518494493,15.544944169599537,14.859842863681738,21.40968246180741,41.24364189279576,54.78461689700219,56.40991136830625,58.09859331040415,55.23259720286348,50.72024724187525,59.115276144653244,66.48176545594417,64.98011263541775,49.25869333700627,44.043762043699,35.407916074454725
908,18.553815086534865,14.94092669559333,14.280337181986917,20.554639363967,39.55078778140991,52.4880457576936,54.04501655220052,55.64820665054088,52.902352193663056,48.6073696270583,56.63144657398412,63.71703988643276,62.309675474031145,47.29698134506985,42.276613006605785,34.05660039241671
909,17.79419748453282,14.344919335016519,13.710175951868482,19.720062457850872,37.907322432871815,50.264725129088866,51.75519065128746,53.27685819618897,50.646663789398836,46.55620083560695,54.2218667681383,61.02411830564493,59.70007936106621,45.36274655350748,40.53581022492108,32.71304207835082
910,17.043416840868822,13.754430385293485,13.146078235217699,18.89843077865849,36.2962191595356,48.089621067378694,49.51432381901655,50.957283629931354,48.438852653156836,44.54338094904129,51.85906861537244,58.377285999643,57.12939431654637,43.44552154326292,38.81205094366903,31.372927453701518
911,16.33236345005883,13.193770116246014,12.60979148259191,18.118906840011082,34.773881000351786,46.03855400092808,47.40129714797409,48.77113857888877,46.35745066414633,42.64329135704507,49.63061272332873,55.87895793674085,54.70016516023783,41.62889061915588,37.180299967012616,30.099290083540836
912,15.625627432282531,12.63530999349106,12.075737503624882,17.350358886226395,33.284851806610405,44.0435041826973,45.347649880908385,46.64824611608128,44.33983495440979,40.798350970734774,47.46891516755152,53.43954489241774,52.316341356011044,39.82507607312774,35.55784751797962,28.826064300396734
913,14.95234953583609,12.101974358301959,11.564610733446377,16.616424130255577,31.869562174242414,42.15251583400303,43.402091971259715,44.63828164870107,42.4299797465662,39.05032555239034,45.422692048136796,51.12736942960328,50.053452420206405,38.107114057878526,34.01251556450188,27.610212378384468
914,14.316249549530246,11.5972324890307,11.079337350116734,15.919378289866083,30.52974530616796,40.36614655964617,41.56462560180288,42.740877009659535,40.62764537889753,37.40005800043842,43.49200605023933,48.94584829658665,47.91745938796157,36.484481199739356,32.553074665731664,26.46059907013036
915,13.716730899560519,11.120533648822727,10.619702284791856,15.258010472148142,29.261628448459046,38.67693025558193,39.82711382967682,40.94730154212032,38.92317550428873,35.838350950701816,41.66579130783638,46.884893623451454,45.89993220352387,34.95295622242962,31.176507400072815,25.37489584593303
916,13.12432328867882,10.648952211382234,10.164863352535965,14.599704547478593,27.996534360968194,36.98817745712586,38.08784023803725,39.152061221617,37.2131767901514,34.26891591135791,39.83169818918395,44.824067172026844,43.88696686131412,33.43118948925361,29.81270234419961,24.294698411700146
917,12.524711936635347,10.171456318001999,9.704531552790286,13.927564890263186,26.697902250268402,35.24984043952801,36.29564948656999,37.30273981131385,35.44737059224177,32.64631899442715,37.9370136632003,42.707869194447994,41.82737763631927,31.88489475993421,28.432010845446193,23.19653913532134
918,11.961475262819606,9.722204415019535,9.270445310582415,13.295254162598471,25.481853309850912,33.62687212814593,34.62381252725858,35.57872579106853,33.80361007655457,31.135923041764595,36.17395261175469,40.734969023320446,39.90519086657462,30.437069979708863,27.138631188897957,22.166604572863694
919,11.423688176292801,9.292753279985066,8.854718743085998,12.690937299646196,24.324005144211178,32.08599825961158,33.03784343229719,33.94430344378894,32.24737475538651,29.706109982481784,34.505823790292716,38.86495293749301,38.0808899853681,29.058861722483666,25.907220758206936,21.184765466494873
920,10.9152069510575,8.886065122316463,8.460469255608457,12.119371988362088,23.233182309311815,30.638206411513757,31.548154884521086,32.4098933647921,30.788507295111362,28.36562383169699,32.94245649769073,37.10894355467099,36.36555776617388,27.758878533266916,24.745404260872288,20.25655151488458
921,10.437943348263486,8.50387590599764,8.089600026191224,11.58256280657588,22.211049128090444,29.283905811752316,30.154345047360817,30.974521921599393,29.42480413643768,27.112315411681006,31.481268066381226,35.466024393324396,34.75927097239089,26.539686249177716,23.65520391893603,19.384594766820687
922,9.991261576078873,8.145315593972814,7.741958537650914,11.081584241152866,21.260817963586824,28.027076878633775,28.860616462795797,29.642487195089675,28.159878779713058,25.948468055764742,30.12476785374591,33.937178939442155,33.261707521610205,25.397920528574883,22.63388987558158,18.56475041085209
923,9.55403256027161,7.793481293870822,7.402360147626106,10.595799019421454,20.342549697466893,26.81433467541917,27.611691397367395,28.35673918215824,26.938406216221797,24.821639753348013,28.8119772433955,32.45192533199744,31.80277768121388,24.276692829951312,21.630617958936064,17.75362837515136
924,9.138477206679195,7.457843191866102,7.079785583944093,10.141918291792535,19.49387981757952,25.69933237800225,26.46339274082337,27.17485408547613,25.817375773039593,23.784359726210823,27.60434999032545,31.071971314186417,30.437967267857207,23.21031206690324,20.67415593753893,16.97431367837167
925,8.690874800916001,7.095296950397044,6.7350010034918215,9.664745180383761,18.605210973334447,24.537094110506587,25.266135196954046,25.943370832959253,24.650480156590806,22.700757700515428,26.34469286325631,29.61840911751694,28.990178610425833,22.059971216232434,19.641399366505407,16.122969300207323
926,8.266538474156862,6.750806437033524,6.407174333650411,9.210250987839183,17.758074534258153,23.428782965617888,24.123938782040828,24.768575326542173,23.5366832420311,21.666837411705533,25.143425933930434,28.235644776723348,27.614741898328898,20.97077529026969,18.663785750713163,15.31658236453846
927,7.8636815604357775,6.423505728434455,6.09517209697151,8.776049397131699,16.946299582786327,22.36686251307921,23.029722612770065,23.643331699250016,22.47022164096987,20.678453846193275,23.995221655547148,26.917911676451435,26.306382141306262,19.940366126621353,17.73874482454682,14.555268775806326
928,7.476573669670221,6.1089107267554414,5.794982500851932,8.356655446823945,16.159338072316523,21.337808817732107,21.970007141079154,22.55395656325189,21.438330000446772,19.72380984963664,22.8865351569158,25.648838675513357,25.04846181043831,18.95479337983852,16.853994746249686,13.828446769876402
929,7.106971645639403,5.808792168899215,5.50838894804474,7.952708357442004,15.395803628602152,20.337063284224964,20.939328395069293,21.494492413433495,20.43388116098296,18.796119830032694,21.809306428580125,24.423093868159153,23.838317587044003,18.016028427299066,16.012503517708996,13.138752773399963
930,6.743864777048917,5.514160219349184,5.227475543665475,7.550900562610228,14.627122175488434,19.323176841357572,19.894219849450955,20.420119786785758,19.411643977659487,17.852555856596155,20.714049908784677,23.189923523507396,22.6296729995234,17.0926551573809,15.188427484281679,12.462845535023266
931,6.3791686175973155,5.218673061525416,4.946136956738234,7.143586222535045,13.839987993203456,18.280576701760374,18.819656502711172,19.315799374697754,18.358767722196976,16.881560641497863,19.587153019517636,21.930803433459264,21.402522258818085,16.16607485709184,14.364467745722973,11.786840574215082
932,6.0865937234838,4.982097345176693,4.717690660219627,6.803670955432088,13.176493947895194,17.39807780193743,17.911225346208084,18.382382956201972,17.468790429289843,16.066048631331796,18.639851442411913,20.888819063674287,20.3992191268127,15.432147094819811,13.713647795403501,11.2614794723161
933,5.80857288374578,4.757691862379683,4.501170254108209,6.481920810629942,12.548329264204638,16.564432896714216,17.05423779048163,17.502401108233503,16.631211740301037,15.299234849301554,17.749180980521487,19.907038969504875,19.45329259864541,14.738789308163437,13.09858942862073,10.765127507072975
934,5.551721241119334,4.550363142078173,4.30136944007141,6.185682857506306,11.97074988398994,15.798942078557697,16.267751096931793,16.69512335836719,15.863539581689631,14.596321718836927,16.932727745679585,19.005287144390813,18.58366414642608,14.099628425141939,12.531581456576273,10.306894706229027
935,5.317186364325088,4.361133873539594,4.119194133519029,5.916096990316873,11.445535762172637,15.103300034479096,15.55300561401964,15.961559196053193,15.16636775416295,13.957651554103254,16.19067929238268,18.184321976127,17.791170525330276,13.515888263505726,12.01380721636789,9.887884119287264
936,5.103495706684043,4.188621108134352,3.953098550687303,5.670939485456723,10.968838643660481,14.472755136052522,14.905253046039434,15.296881390035455,14.53521443677008,13.379461514226152,15.518868045681822,17.439865517399344,17.071913254727406,12.985118104454159,11.54288285385441,9.50649966306212
937,4.896931562336769,4.02164859480763,3.7932401631119967,5.437025861409244,10.515261081962567,13.873337414965915,14.289080709814568,14.664635099619773,13.934728803142207,12.827923460004968,14.878021636768867,16.726396970199858,16.380117848310224,12.46979292954971,11.085936456295583,9.133592202601774
938,4.701063215154136,3.8630167483741906,3.6420508718978715,5.218284998201852,10.093548665668225,13.317392399650998,13.717517796662703,14.078258529770599,13.378002247707107,12.31526404516522,14.282316534715003,16.0589853779155,15.73007609240085,11.979933492200091,10.651454006272616,8.776561186160896
939,4.522814549583147,3.7183823765304362,3.504281594214782,5.020264526661257,9.713660839691459,12.81766724708515,13.203767516647142,13.551275319635481,12.87807581083793,11.854516873100303,13.746911363332142,15.456994755181638,15.142283827600684,11.534442351725634,10.255991861389182,8.450895981465562
940,4.356190005449856,3.583026606295919,3.3754682507174687,4.836435067526119,9.362466090332289,12.356917499772473,12.730129004093344,13.065516993135784,12.41786870847136,11.430127779296267,13.253873472016235,14.900204310704014,14.596690839249536,11.118132034739185,9.886050477668375,8.14569678845302
941,4.201440514421328,3.4572394978437972,3.255808524922031,4.666750530138545,9.039431074736578,11.934262471191428,12.295673347441022,12.619968348550174,11.996324219687917,11.041305249441523,12.802187011622404,14.38801704724392,14.093170319480643,10.731751474528469,9.542104413893217,7.861865067532043
942,4.0590343614484095,3.3414024182649364,3.1456795811635465,4.511301895499595,8.744197514145137,11.548618131644616,11.899104229081006,12.21326209784976,11.61188511839386,10.686598988362675,12.39007598572737,13.919462211323012,13.631528310222036,10.376240803106027,9.225271181432877,7.600225607924325
943,3.922204664764909,3.229946198581144,3.040094687197,4.363127272622868,8.463313501231044,11.181910004595661,11.521773274707291,11.826266708358162,11.245868007330241,10.348272432162048,11.997099901586418,13.47138356450731,13.18895999526025,10.033374468316262,8.919637460168035,7.346800699588649
944,3.791136000554356,3.123084244148361,2.939075661655287,4.221237252484051,8.19389087291503,10.829452231508705,11.158722133720792,11.453847943936125,10.893046803526627,10.021719664433476,11.617831726753918,13.039716882334947,12.763012976485438,9.703733205474107,8.626071091191468,7.102643438217585
945,3.662099862028429,3.017886071184226,2.8398452518085833,4.081288858240441,7.926908480539298,10.479131922261981,10.797568831383874,11.083314228167833,10.54123790695043,9.695905644840034,11.239680595174182,12.610892447849308,12.340760969921186,9.378174242910193,8.336599891430264,6.8613450627926795
946,3.539018354441006,2.9175520310917427,2.7451226320169684,3.9474804194479867,7.671370905575064,10.143903168675024,10.452067020563325,10.728912868692921,10.204884876955475,9.384692923933471,10.878546900405906,12.201760001934288,11.93820536640955,9.068326606878795,8.061102378031658,6.631910798714151
947,3.4235931681458687,2.8233687139368806,2.6561428024958462,3.821744416131488,7.431481038677573,9.82929083658902,10.127863678848371,10.396423473861692,9.889322853680435,9.092780552153792,10.539915560453665,11.818317549210146,11.561125499914592,8.778226714260589,7.80322782858093,6.417058104080103
948,3.3158900961737214,2.73542049273861,2.5729542776113834,3.7044145540764606,7.208169189799913,9.536948155741682,9.82679812951184,10.08775292386937,9.596650366272765,8.822169772917343,10.226088309029624,11.462446352374432,11.210889852362536,8.508286665629255,7.563065814778903,6.217039920635735
949,3.213682421712292,2.6520315921178343,2.4939382047684506,3.5925886435122396,6.994822600860061,9.257657595665867,9.539294706688711,9.79299772548932,9.317314339393695,8.564224900311403,9.926936879175628,11.123714072490007,10.877862649565941,8.25243195358988,7.33529405160724,6.02788804764558
950,3.1179620256001987,2.5739328762579783,2.419872927871308,3.487614334895625,6.794380132385413,8.995305307302,9.269297640069064,9.516210552864193,9.055104958519744,8.322232085933397,9.646290789633245,10.806143293923794,10.565793257037253,8.01305042400054,7.122139243777773,5.851073922654385
951,3.0266961202219784,2.49935965005456,2.349351901980429,3.3882508171721253,6.605277144310613,8.748188556042026,9.015108377002305,9.255696256807173,8.80826053551157,8.093988277383946,9.381702943669163,10.505667316508541,10.269822929023317,7.7844844545730405,6.91856176192128,5.681463407949195
952,2.940856953557938,2.4290840643479896,2.283054727709636,3.2961343591861287,6.431673500569949,8.522646107312799,8.78337406159075,9.018350370557268,8.583958422610262,7.886141160078945,9.140826983901206,10.229440613198676,9.9959567207604,7.569832072117216,6.726932560295869,5.5210186791352625
953,2.8627533646971903,2.3650464436510186,2.222595447368284,3.2122603991364094,6.273921808901962,8.317938212755378,8.57318200995048,8.803092512867027,8.380578045889706,7.697630968409483,8.922353355870914,9.978709154230662,9.747158730068415,7.374679407874022,6.552611895824157,5.375062592949689
954,2.7889822176350987,2.3046368858324837,2.165484882810103,3.132353533249053,6.1225342907777565,8.120894467954972,8.370863946008155,8.59584230332257,8.184535724156117,7.516158458407257,8.7119184270102,9.738618937146905,9.509788898258453,7.190223814583858,6.387965741814436,5.237640799388828
955,2.72233652819185,2.249983976683455,2.1138066762458556,3.060342730030243,5.986639937448282,7.944353607646398,8.189706596292256,8.410305341081507,8.009118477308741,7.353619767794173,8.523419071305918,9.523034567774241,9.296266170073588,7.023715772945122,6.239188492199901,5.113274719995388
956,2.6640450511305453,2.2023972736746407,2.0690330866164004,2.9984106609346264,5.869683111105717,7.792812867864476,8.034322651111454,8.251227326911508,7.858848599526807,7.214046175000736,8.361568048771526,9.336865652297481,9.11113331366661,6.878041516836674,6.108879265072703,5.003823422450296
957,2.6113193965798667,2.1608917350188546,2.03084836902417,2.9452969547897476,5.7648188691652775,7.656382224088053,7.8944310833654265,8.107991937941863,7.723461139806334,7.088069511822271,8.215523651038113,9.168413926439825,8.943188473284993,6.745232734724206,5.990080840895514,4.903600771836084
958,2.559866094267948,2.124137239034878,1.9993640387573188,2.8996946443699665,5.6610567779581675,7.518534598440705,7.752695203285839,7.962692607223289,7.585363884186726,6.9593838093746205,8.066309029910501,8.99766961770209,8.773567101030494,6.612224559323034,5.871656472057761,4.803157338826297
959,2.5105206763556844,2.0955445128326704,1.9795407757706667,2.867355149850482,5.559645651408833,7.379101975960241,7.608892424642233,7.815149871024395,7.444167526397256,6.827620950496306,7.913507882872572,8.824715994950695,8.602690940200514,6.47979669187719,5.754713195262282,4.703069214457043
960,2.441680119976289,2.059834941484691,1.9589457152963274,2.8332346840766798,5.427194501878278,7.197141543112854,7.421671998817017,7.623188850768721,7.262092841897746,6.657705376313451,7.716961276398901,8.595491941211678,8.37151696307358,6.292483688138288,5.587782437623121,4.560096904677526
961,2.3813071179356484,2.039341754771158,1.9582883936143065,2.8246563465618237,5.314910439832602,7.038028530460516,7.258277013106896,7.4560001295103575,7.104213859955572,6.510352627583155,7.5465052691096,8.39424386734962,8.166617781539701,6.1239667123393575,5.437672398887246,4.43089404573636
962,2.3264727584313993,2.031165556337718,1.974765662390772,2.836901423784314,5.213782243012247,6.889549510318569,7.106111938461254,7.300709279030603,6.958480819159637,6.375051728071932,7.389686988116799,8.208250644325744,7.9764456309671266,5.967680347010693,5.298577212478059,4.311894203651328
963,2.2763220896974548,2.0325787117762957,2.00518646997963,2.8664285507818152,5.122616308028747,6.750906128462312,6.9642738304589455,7.156452918833695,6.824222483738205,6.251137948982172,7.245606277330288,8.036140826921578,7.799434130365365,5.822282364779572,5.169110985420308,4.2022649278374695
964,2.2344679452066236,2.0449994212275278,2.050286386673958,2.914365771125761,5.047824147642261,6.630400314630866,6.841006941747245,7.031600444071436,6.708911638913768,6.145269689187054,7.121796399662604,7.887574582963031,7.645923066085483,5.696996509507569,5.057782861455053,4.108969299388783
965,2.19899654873942,2.0638022565004315,2.10452649675582,2.972790611784668,4.981609830920206,6.516923119570753,6.7245345851863805,6.914320513694942,6.600401120845553,6.0460851449658675,7.004740573710088,7.7502709671223,7.506008716420703,5.587566337228054,4.962018194091537,4.02987012027162
966,2.1672656511748625,2.0836800436393657,2.160966533517889,3.033602616119814,4.9198724597736145,6.407514952686532,6.612099998629544,6.801831191001319,6.496521083540886,5.951678875347819,6.892352227299333,7.620695503422861,7.375706902258181,5.489786146349486,4.877601778603223,3.9617025134526296
967,2.1646941667963153,2.1226681424897316,2.2338121083479825,3.116953148233214,4.9117311925271805,6.368091030139892,6.5715464586163375,6.763367771566534,6.462582220783328,5.922654461259039,6.8550519663138925,7.581433923937376,7.338432164537413,5.471454641711587,4.865080931104136,3.9550947264607594
968,2.1636357193658893,2.158030234962228,2.3017054623373303,3.195654678968172,4.909225771797667,6.338522126437705,6.541155437540771,6.7354868083722454,6.439226018657272,5.9032983421613086,6.82884389242411,7.55332140198204,7.311651143666885,5.460168106121273,4.858525652613545,3.9537187689864886
969,2.164987312361648,2.190240729283687,2.3645216244694893,3.2698029595781657,4.914067834059616,6.320915214290186,6.52284396100835,6.719943949211613,6.427541879360693,5.894221081943605,6.814584326347228,7.537823096225371,7.296997281025791,5.4570880072320245,4.8591581714096845,3.9578350694243585
970,2.169910884874428,2.2208098290175258,2.423502109227099,3.341035753901711,4.928417930035981,6.318011570953656,6.519402570869715,6.719495730865414,6.430003224967679,5.897650713791206,6.814915624433135,7.538131884240491,7.2977174614295235,5.464714006113354,4.8691907273275445,3.9690467130647966
971,2.1774352567850395,2.2486214155583832,2.477073685519177,3.406893719447648,4.948351597127579,6.324629982301433,6.525627016676091,6.728840730729384,6.44139163645949,5.908995438099997,6.824659816123001,7.549474966399949,7.309773082788264,5.481004348312646,4.88705518637497,3.986167032579812
972,2.185705652484882,2.2728114978713814,2.524877776176644,3.467297040962876,4.971972805898986,6.338390262375469,6.5391564987793185,6.745714088702308,6.459887774152386,5.926469323837539,6.841674109507169,7.568135764434244,7.328703109945699,5.501158767089821,4.9081887142531615,4.005265785783455
973,2.194051209154298,2.2935606146695915,2.5671464527045567,3.5217926422561243,4.9962594725199905,6.354715116337632,6.55519224812971,6.765047508600609,6.480367400522872,5.945409754085371,6.860603556933451,7.589049631965671,7.350074744335351,5.522691977949892,4.930551969163259,4.024660619601491
974,2.202329165226859,2.3112662849806447,2.604166569393523,3.570505084508373,5.020519583257867,6.372836798825509,6.573039950581525,6.785962329727356,6.501918301060608,5.965039487215108,6.880724720882946,7.6114538305248844,7.3731007046371815,5.544823621522353,4.953307632942597,4.043669067441962
975,2.212362352058595,2.3279498847665048,2.6381435108658997,3.616387365483076,5.048606913175068,6.397535394676587,6.5976408036159615,6.813613414686448,6.529584031464765,5.990083180801905,6.907441123409496,7.641433567615812,7.403711212126966,5.572294950154173,4.98074844679052,4.065964794654584
976,2.2231669396699414,2.3434430373002084,2.6690999014650254,3.6589529506730156,5.077690913373642,6.4249700867710215,6.625189986947849,6.844079288919082,6.559717521661306,6.017374875922542,6.937073853836149,7.675007778313427,7.438078283714796,5.602473681559267,5.010337051861695,4.089773021128557
977,2.2351482010183514,2.358625362075275,2.6981902621170906,3.6997304922775323,5.109109110957173,6.456720701082044,6.6572911491270395,6.879019570094117,6.593932114103934,6.048359187398871,6.971296084394063,7.71377168782783,7.477507624421248,5.6360425916541965,5.042605224662111,4.115567358904237
978,2.246524775295776,2.3724849403827517,2.7248915472986743,3.7378384069758925,5.13938232833503,6.4878921606598725,6.68887114010639,6.913257925366322,6.627306655052962,6.078459618804378,7.004806897834247,7.751576557915541,7.515849170749009,5.668087063867071,5.073149440753956,4.13965098179168
979,2.2589665331714577,2.3865326403917737,2.7507887868445584,3.7746943114470923,5.169597910865248,6.51905625290965,6.7203954906830665,6.947327980123581,6.660197279156169,6.108235245059665,7.037991311125162,7.790450795745918,7.556192786061729,5.703029063058368,5.1062766027592135,4.165999517745409
980,2.2708304384993556,2.399458734804544,2.774780650818554,3.8083163333789605,5.195033553860412,6.543635206661877,6.745132326063218,6.974275001527401,6.685759740999076,6.131493020882772,7.063755305840459,7.823109997410419,7.591778423016616,5.736465857202087,5.138235156409531,4.191672338954699
981,2.284062728623602,2.413038337144826,2.7985892489523394,3.8416747936597466,5.2220256550156465,6.570810456613669,6.772751097010249,7.0041864022101175,6.714224550698418,6.157715095241396,7.093018048541126,7.860233941934504,7.63210150904966,5.774167176128166,5.173855626636006,4.220767568302368
982,2.2969427756558747,2.426012958756993,2.8211588324608914,3.8732322976466094,5.247300403726903,6.596257730798762,6.798789308996804,7.032442091345209,6.741125660880373,6.18269376027456,7.120948683812458,7.896186055437803,7.6715357381165505,5.811472270195996,5.208901115000377,4.24964877709447
983,2.311452755003432,2.4399300132827193,2.844150103546521,3.9058971308300636,5.276730821735588,6.6278032351786225,6.831179429108618,7.067204692580812,6.774282930970783,6.213374538795636,7.155616353147967,7.93925541880578,7.717535582987954,5.853079216009064,5.247721761118165,4.281654755006197
984,2.3288508545525213,2.4556915310302947,2.86869310297126,3.941312038079299,5.312517471046054,6.667803554612744,6.872183726944578,7.110742758501666,6.81559951937639,6.251380399424046,7.198846815558811,7.991998858434921,7.772920080811413,5.901632653075857,5.292879639312689,4.318733907585348
985,2.347270065205521,2.4718651331043344,2.893487319850205,3.9780380467699223,5.352179267083557,6.713365564076022,6.918701415218363,7.1598102772077254,6.862236560992772,6.293971767427657,7.2474540090079245,8.04983821377495,7.832361672322544,5.95181551386174,5.339522046868036,4.356645949863638
986,2.369055293911515,2.4901708270190284,2.9204622521231483,4.020000544470739,5.403671480772443,6.7759746217229155,6.982892078701947,7.227098650767273,6.9269034326664825,6.352812538970154,7.314992229097697,8.125966397959148,7.907239748620278,6.010333567356221,5.393306584153054,4.40008298502549
987,2.397776011442537,2.5135630502424777,2.9526808596825243,4.072428815217011,5.476912765036624,6.868956963400706,7.078252448166105,7.326491952121744,7.023151201948557,6.440198482051138,7.4155684574184955,8.235082762075242,8.011270117784859,6.0864256649245885,5.462099491426021,4.455426266224874
988,2.4311559318095015,2.5405258167104745,2.9885838929190607,4.131027233281202,5.560629152695453,6.975354279569209,7.186934200780732,7.439342766641078,7.1320578122015705,6.539003294502306,7.5293632836479185,8.358986155289001,8.129263408607326,6.1729379353892,5.5401802762296155,4.518395469313743
989,2.4700377475382993,2.571987988563446,3.0291849449022266,4.1968194844334255,5.655512607639788,7.095596180684099,7.3093420007270264,7.5660688732111465,7.253899653622544,6.64956751160571,7.65656270735261,8.49861217788774,8.262642984619431,6.271916664762622,5.629664343430185,4.590874885928964
990,2.5129530757507643,2.607033108555957,3.073706677044746,4.268720575977828,5.759237830965243,7.226949729019127,7.442808535784674,7.703955373547485,7.386234941581539,6.769679837777013,7.794896552051796,8.650807296121846,8.407954610399818,6.379976024223391,5.727221887895731,4.6699372678787245
991,2.5593603562442047,2.6455146536209213,3.1219189735384134,4.345875539894353,5.870079661519412,7.367287971677017,7.585378444765021,7.851144749443587,7.5275038372279335,6.89816643976675,7.942966637544616,8.814143712054959,8.564043673354067,6.4966320206346735,5.832466134128741,4.755667828240673
992,2.6085763973107015,2.6869573058502283,3.1735142881194145,4.4275268444637605,5.986003275624431,7.513523344301835,7.733822734093077,8.004293465089306,7.674279395552211,7.031776103541363,8.097010592343784,8.984951695560865,8.727911122559558,6.620010599460719,5.943675410651589,4.846560587521318
993,2.657686279970221,2.728930880376928,3.2261011146375886,4.510223243706215,6.100947247266179,7.657734826194688,7.87992885197517,8.154848036850515,7.818213619632713,7.162662054400633,8.248097110561503,9.153171301591751,8.889602304511104,6.7421075410051605,6.05376838898493,4.936452568069269
994,2.7020510486451843,2.7674591535885287,3.2757350168966304,4.588113104661586,6.204343859240388,7.786267732226406,8.009889498237628,8.288639347483175,7.945934690608348,7.278621422119613,8.382046597542544,9.30293005700878,9.03365251535901,6.851082477437948,6.152216325676948,5.016598395206789
995,2.70543474616144,2.77385770436948,3.293845338355563,4.622632393044894,6.230189090596208,7.817704400468626,8.04047865454569,8.319366201654443,7.976074532101068,7.303802628254614,8.41244351817035,9.3285210342609,9.050575699431647,6.851351097748973,6.151313526611765,5.0123848210252095
996,2.7062013680229677,2.7766802812870344,3.3076595112506766,4.651081929121054,6.248601150826809,7.8398312454269865,8.062004456647887,8.341148698182224,7.997890229873259,7.32170214274551,8.434483349024958,9.345664876530334,9.060041538923542,6.846996299108079,6.146556217510026,5.005372877371234
997,2.703187279737384,2.7749033422135523,3.3157032345469424,4.670368691904774,6.253992610989371,7.844992995780818,8.066644323316202,8.345977511534459,8.003674588884419,7.325682260953597,8.44013416467195,9.346949154253318,9.05613329839928,6.835753288297253,6.136225505718747,4.994782716200591
998,2.6928715625207196,2.765506572614478,3.314643365603323,4.675774695413046,6.239193229570186,7.8241137999118235,8.044950429818917,8.32399815977416,7.9839793704299415,7.306946905779894,8.419263877317073,9.320565197588751,9.026747715362685,6.807781059205548,6.11145227713262,4.973180227073889
999,2.683020196819728,2.7555549445486185,3.3120021366220107,4.678126122207426,6.221905539755555,7.799882026775906,8.020133813726716,8.299040601071153,7.961394463464136,7.286052006110237,8.39547348040235,9.292682837997875,8.997253691367016,6.782384227343885,6.089393229792092,4.954672670836642
1000,2.6751371093679546,2.7461760296921836,3.3091017083326215,4.678806425704222,6.203491616463517,7.773211765909634,7.992878351434358,8.271816967086384,7.936315004399928,7.263454322212056,8.369212833287227,9.265264034281634,8.970733160885825,6.763584366365519,6.073963305462063,4.942588448818891
1001,2.67316280029263,2.740737833269772,3.3095985424728758,4.687288796798384,6.205972364687374,7.77750387886564,7.998245803062413,8.278756725680328,7.945720826922687,7.272623147351884,8.379575661415272,9.273375534324648,8.97544501349226,6.763087021603757,6.071842962189943,4.939928068682223
1002,2.7314396790924156,2.7826066273540033,3.356619814892578,4.764049650624137,6.335550411304472,7.947465970940747,8.174393657945204,8.463229573987649,8.126941325174682,7.441562309610682,8.572479988032033,9.488450640582284,9.184603303880326,6.925907459122494,6.214572284226961,5.059027168415404
1003,2.813288511626784,2.8450600438887443,3.4251606030557014,4.875477052633609,6.526965877509481,8.201717123327919,8.437381924917904,8.73741065226724,8.396567467207726,7.691896758814567,8.85881138171005,9.800898712079029,9.483770212240156,7.151079256676894,6.409046538058776,5.220354093342913
1004,2.924524705496359,2.9333053938649494,3.5213638097551927,5.031208651854935,6.794135417452968,8.5576511263311,8.804524888017372,9.118823998792193,8.771130552200443,8.03828178115821,9.255277931137243,10.229125393633044,9.890309013646661,7.451195154351548,6.666323885133742,5.432800174204853
1005,3.0714206405235536,3.053561908906496,3.6524381043662806,5.241530580573453,7.1507725616128095,9.032294120820422,9.29315214100747,9.62516779456824,9.26702147063978,8.495621443567611,9.779459401957345,10.79319269178034,10.423759984749527,7.841350137960295,6.999908820934642,5.70762858433123
1006,3.255434977211865,3.2064539610307423,3.8189958374662507,5.507774598654838,7.599613987309048,9.629191291282561,9.906839074051407,10.260306803443589,9.888295954996595,9.067825528214078,10.435951797359198,11.49866499861985,11.089818571224896,8.326258725535029,7.414445025768925,6.048551836545292
1007,3.4627516266108223,3.3818632747809585,4.011781363633678,5.81693607365014,8.114037573225817,10.313053003065372,10.608310194416845,10.985061572246716,10.596932022418644,9.718865939066225,11.183866003782896,12.298204961915221,11.83983807959469,8.865075930377705,7.873051440761628,6.4237353660004635
1008,3.69582416465138,3.5815573190359697,4.232574295495787,6.168558299229646,8.688548353559911,11.072899147961705,11.386042569300376,11.787489538634484,11.379630261113821,10.437029234144575,12.009402211209297,13.183464927882076,12.670576016480481,9.463549555741338,8.384229339499402,6.84316196828617
1009,3.955510706915707,3.806117902036931,4.481943360172279,6.563275748059823,9.324405576715694,11.910428122994615,12.242435112705737,12.670368790776722,12.238944964078526,11.224862263225598,12.915606182289983,14.158268618646357,13.586317447409654,10.125370779978507,8.951529638636202,7.309803846410692
1010,4.24115137257,4.0545789739538,4.759041993538891,7.000097947204007,10.020351913388627,12.824080239307866,13.176117245805342,13.632544814032112,13.174092862865239,12.081848295135776,13.901875421255161,15.221952764694183,14.5867211138076,10.850359295134174,9.574951534050083,7.823318780176123
1011,4.554024568176828,4.328249608905545,5.065205754127029,7.480803468952737,10.77957422790392,13.818097345323102,14.191637867065895,14.678820957238454,14.189641058933505,13.012264955669318,14.973369750925485,16.380052037746022,15.676871219497116,11.642113446953383,10.257587243265204,8.386396666135365
1012,4.895837699166025,4.628435483376961,5.401794344455474,8.007326860865371,11.605303278138829,14.896450339234434,15.292705772025718,15.813078884559738,15.290001216723406,14.020332382535084,16.13455638371826,17.637891293697717,16.862600964093353,12.505568326087607,11.003465118206025,9.002360312080262
1013,5.264356137696658,4.953300242063311,5.767239688167008,8.577999511113635,12.494472073234126,16.055691358363088,16.476166275226984,17.03206052385992,16.47194557579756,15.102905203579471,17.381918816205662,18.990281051957677,18.1375349859679,13.434221778116418,11.806238700066908,9.666199034626386
1014,5.665641667388367,5.3074172294467905,6.166186620403356,9.199719991145685,13.459580846428642,17.312000439002336,17.75903651832362,18.35342923383775,17.752043329116923,16.275192405625734,18.732286556208106,20.456663872728573,19.52210345340323,14.444671790426323,12.680783179386967,10.390231822016046
1015,6.101996986136198,5.69269273379853,6.600898744981221,9.87624095024304,14.506633741571152,18.673326562516326,19.149331221902685,19.7853603824416,19.138008482656005,17.544341874992824,20.194418407117546,22.046309872116712,21.024416514424438,15.542661257632842,13.63247856509692,11.178415180749653
1016,6.575935950124923,6.111112085149216,7.073690139106994,10.611476131134363,15.642080038256868,20.148134292522236,20.655571760665875,21.336654127739685,20.638876985202973,18.91867553974433,21.777397014460544,23.76879265560066,22.653409308721166,16.734575779782713,14.666727449442988,12.03540085543578
1017,7.09089241881676,6.566023518520004,7.5884006189938065,11.411037990375396,16.874028265445563,21.746993376942036,22.288922347305093,23.018755978166155,22.26522643122371,20.40788626660859,23.492871211995016,25.63678735353928,24.421082071931387,18.029253346098162,15.791127005412168,12.967437962625679
1018,7.651431339943623,7.0616247811641575,8.149693842243973,12.282030031930065,18.213672696384624,23.484325913958724,24.063510710385994,24.846083701888606,24.03101419119048,22.02486479156557,25.355557853549335,27.666493572961503,26.343381597111666,19.438595474273047,17.015113432781227,13.983026471429964
1019,8.261304291027045,7.601332203431022,8.761496299267103,13.230634168601682,19.670614204620506,25.3728873552214,25.99265217975127,26.83239369821136,25.949917584698206,23.782172626369306,27.379854065103636,29.872854319085622,28.43340326378789,20.971513187909814,18.347110297392906,15.088521293748272
1020,8.924835858898794,8.18881818504711,9.428122461895587,14.263591698975818,21.2550227914071,27.425717659857973,28.089538287749747,28.99132410584155,28.036076245688623,25.69282837913956,29.5795808488791,32.27084693390238,30.705859649845348,22.638824300183582,19.795493264841102,16.291499207902493
1021,9.646868860047627,8.828258192381327,10.154277372337674,15.388282785638044,22.978417437588046,29.65759450729716,30.36925670023525,31.33818767975546,30.303268229480246,27.769526812554563,31.97071310621738,34.87795718500638,33.176603709153696,24.45220241316409,21.37114188328555,17.600798981713524
1022,10.432601183022468,9.523723540710696,10.94444287350312,16.612107578774676,24.853044508795783,32.08425209683316,32.84780456675695,33.88947242906475,32.767970741386044,30.027458057872927,34.57008116163498,37.71257209832142,35.86377574040879,26.425133959201567,23.085286598540083,19.026147455261576
1023,11.287677955197848,10.279875862778551,11.8039964971618,17.94375157596473,26.892500977431023,34.72312770918922,35.54304954346195,36.66341533249319,35.44728494676383,32.482368837662634,37.39611763663353,40.7948839545726,38.78662558053111,28.571915831476094,24.950398499952957,20.577846164912835
1024,12.218277715642866,11.101908579096094,12.739038419926406,19.39314761427886,29.1121679891538,37.59367917158566,38.47366964713001,39.67904997550483,38.36069632791675,35.152399777002884,40.469135052846205,44.14700439842272,41.96619156662772,30.908223823060585,26.980218915291125,22.267401523322405
1025,13.231134377846631,11.995650959042125,13.755757670792914,20.969865195831517,31.527421383597748,40.71568657915174,41.66047513639413,42.95776597618845,41.52882198152137,38.056610217376665,43.810844765308765,47.792458145892205,45.42384579758228,33.4499322321057,29.190255743901485,24.107926143096847
1026,14.333557950447098,12.967114995052336,14.860791495908156,22.684661518430012,34.15570031863639,44.11137721875067,45.126116434180794,46.522591884427776,44.973220165717585,41.21483814873812,47.44388659756286,51.756206734629814,49.18415395147323,36.21535539990665,31.59566108169617,26.11293799517677
1027,15.533470589375481,14.023005822931216,16.061614456166094,24.549449441568868,37.015635510262136,47.80445366440524,48.894866151021105,50.39809482514621,48.71632650855515,44.64785182878768,51.393204405997885,56.065558245675284,53.27182415464631,39.22293347743107,34.21440921368984,28.297147154111112
1028,16.83939481503226,15.170136597215917,17.36609564488182,26.5769207622595,40.12702555974933,51.82005012122162,52.992293625778984,54.610403245021836,52.78415806564018,48.37961550598474,55.68373393915681,60.74802730458863,57.71541783793925,42.49408397051697,37.06272579312359,30.67587208742095
1029,18.260468589841498,16.416716833015276,18.783483402111806,28.780926555630035,43.51047422519436,56.184353469994676,57.44584865297448,59.187551548183755,57.203725118490965,52.435290337296465,60.34411868442372,65.83480526926049,62.54350554764044,46.05011428079212,40.159970655363786,33.26602094643853
1030,19.806485624321795,17.77035932801352,20.32260594299701,31.17621244660716,47.189425395977324,60.92675754904797,62.28473571881789,64.1591570099876,62.004396392386944,56.84228346560537,65.40451984650748,71.35904369344851,67.78902425254948,49.91611274231088,43.527892749942374,36.085706411901164
1031,21.48793190129332,19.24111678114527,21.994565416168502,33.77907723025731,51.187961147688576,66.07751983189102,67.5404067261157,69.55710955019562,67.2159874831528,61.62834267862282,70.8964998631444,77.35562544643211,73.48640255165343,54.11826958566079,47.18914054709733,39.15465676914573
1032,23.316017589261588,20.83844477515751,23.81074089336315,36.60714355098077,55.53168663831769,71.66850744974674,73.24506453899085,75.4138854971617,72.86961514513781,66.82269222082375,76.85346933814175,83.86128663451382,79.67009876803526,58.682557924157926,51.16647746927811,42.492999301176106
1033,25.302606654788438,22.57211422207495,25.782036824401853,39.677659989739496,60.24749264148185,77.73303996998688,79.4328281376833,81.7639043638493,78.99802705479513,72.45579085712441,83.30771757869609,90.91185554823616,86.37653221471503,63.63670715345922,55.48182676176787,46.12251692402346
1034,27.460151780358242,24.452325109734893,27.919999984431342,43.00876432269901,65.36368048685992,84.30589031367708,86.13885794486434,88.64250352419809,85.6351203943346,78.559680766412,90.29528372344846,98.5470641151712,93.64350413582257,69.00960034500999,60.1604164208706,50.06643356425879
1035,29.80163254060556,26.48977209311488,30.236670295011468,46.61874101874491,70.90768945313643,91.42051521789315,93.39705645261711,96.08369707079171,92.81473110082672,85.1671317663344,97.85483883641948,106.80958175989092,101.51088465788833,74.83203727419148,65.23017069436277,54.34925034886198
1036,32.34042799495988,28.699737200725526,32.74940942880338,50.5317107321945,76.91207142875906,99.11602784123326,101.24633625379023,104.12628694711852,100.57386078792167,92.31354079873874,106.02605674449349,115.7435086988844,110.02311797537133,81.13898497612692,70.72045812318486,58.997353459561836
1037,35.09061038572223,31.088438860091888,35.465776661057006,54.76334607421346,83.40567696779077,107.42691063179934,109.72197566168948,112.8051370561838,108.9447329305892,100.02975948963129,114.84236198435454,125.38647818350675,119.21733804671696,87.9597448441543,76.6576059961257,64.03745976280568
1038,38.066207320910635,33.668074888670944,38.39999147862805,59.33555795576571,90.41997947527645,116.39019892587905,118.86180384097263,122.15738174967139,117.96090751410209,108.3485677954824,124.34184163500062,135.78121177806938,129.13484316582722,95.32714707683044,83.06959816277491,69.49684422310877
1039,41.28153117421555,36.45302212719461,41.5670260344528,64.26911850298919,97.98538203816341,126.04051605390019,128.69861621084834,132.2151482542904,127.6574749999163,117.30501727520043,134.56020681444716,146.9677258719026,139.81689779655684,103.27468130242882,89.98358103551125,75.40284987922522
1040,44.75047886228328,39.455252973964626,44.98165723463119,69.5859388527975,106.1311704793474,136.4106455586464,139.26523420076202,143.00994973599362,138.0639443032191,126.92927030405917,145.53233231839113,158.98490712274153,151.29765858537732,111.83040068773334,97.42704242204387,81.78280748539353
1041,48.48676593654974,42.688416442701836,48.658983123470016,75.30647702148781,114.88482165384214,147.53009891205667,150.5914896927539,154.56990698746606,149.20583370384753,137.24738952995384,157.28299389778527,171.86219743712147,163.61233007968153,121.02486390609712,105.424065405044,88.66367309312669
1042,52.50326493522724,46.164460205424156,52.613858358642446,81.45080442654269,124.27005437000116,159.4228931669152,162.70351982711352,166.91940281060877,161.10439813042572,148.282251460248,169.83546209223746,185.6269456349203,176.78887529792232,130.88317645944022,113.99561524101591,96.0727355843111
1043,56.811657555313495,49.88765374270276,56.85359273022602,88.03276670798057,134.30594368738144,172.10553885959547,175.61627877970542,180.07046506148512,173.77159616638215,160.0493509764731,183.20445497926735,200.29760674129128,190.84748547857816,141.4252886150129,123.15739759784057,104.03308734182767
1044,61.4215610960512,53.872631291903026,61.39625141189442,95.07353128133504,145.01120765902255,185.5922501825241,189.34199224251435,194.03159873954115,187.21350085056733,172.5598831646873,197.40431178870338,215.8924354379025,205.8073626082613,152.6717142972957,132.92513104138717,112.56691460273838
1045,66.34061425176749,58.13008036445951,66.25446777916088,102.58569445499909,156.39414601164285,199.8833027465111,203.8817692601546,208.80044155629523,201.42807189115254,185.817329800747,212.43069716426908,232.4093473958471,221.67217842763628,164.6325649979044,143.30620510919002,121.69230985691034
1046,71.57349072396599,62.666971405276854,71.43768572215517,110.57752632229312,168.45429419879656,214.96652297221797,219.2253563255872,224.3616996803851,216.39360789656712,199.80792386293564,228.26941195012063,249.8362782799538,238.43092779524991,177.3068850600856,154.2977674820156,131.42130872611025
1047,77.12150844862325,67.48689727059276,76.95079064839904,119.04967739655538,181.18140585225981,230.81519631097242,235.34421083160228,240.68101948626904,232.07549112019893,214.5067688673927,244.8864742306557,268.14039057266046,256.0593861692297,190.68584645554802,165.88797195787265,141.7623649717225
1048,82.98109092598783,72.5958906260738,82.80272981794405,128.0002438756788,194.5458198559458,247.37728619330406,252.18954150609872,257.7041637728575,248.4211908616027,229.87367430528892,262.2311599699876,287.26882543129875,274.50465669599,204.7387571607947,178.0480549356523,152.71203297946963
1049,89.142918117954,77.99030866640689,88.9905734875465,137.41554028621664,208.5124632762111,264.590961829808,269.69470511250773,275.3565201993614,265.3568317701434,245.8488289931203,280.22808497374507,307.14351250169005,293.69772535684905,219.42526649533622,190.740779675522,164.25674632712045
1050,95.59107466965517,83.6711733221881,95.51574564522109,147.27891749305698,223.0308858854582,282.37375535416714,287.7761248430948,293.5463877057118,282.7896313977908,262.35530172661413,298.7820711114026,327.66479220020744,313.5500065531799,234.69207256459518,203.9182286944753,176.37550942903493
1051,102.30267473697937,88.79239247049762,101.56644437753337,156.54804639794904,236.34962570520398,298.5333075925716,304.2360623680558,310.0502898537556,298.6202058864027,277.4403860862107,315.68912143222406,346.4119560277447,331.8096635584079,248.90173678705676,216.36548107391874,188.1141129430302
1052,109.08035336376113,93.25951761954431,107.01455592546179,165.0115594888926,248.16871484329957,312.6925991062495,318.6917260814381,324.4777111801647,312.4663268464054,290.7536936522842,330.55364402059524,362.96048376151987,348.07475990881983,261.7526458713141,227.80220665754834,199.22322100934693
1053,115.6956773165865,96.98659749170474,111.73399699521542,172.45212674865874,258.1922874030591,324.4847661836507,330.7717704968371,336.4520893841036,323.9592401011957,301.95452522592524,342.98647632219945,376.89165367824273,361.94891253550253,272.94377735539246,237.9423285209336,209.43686398950402
1054,121.8621672404058,99.83159531905456,115.5311776060901,178.5582415920492,266.00147031838526,333.397337881763,339.9566757632835,345.44826777154543,332.5861146779072,310.56341305404203,352.4526716908471,387.624258893266,372.8711157936902,282.04142460768134,246.37730012346896,218.37371631789418
1055,127.38908019153158,101.73395151587309,118.31569308056767,183.1694928987568,271.3933433988745,339.18193870933777,345.9834404042236,351.1994919047148,338.0853857723331,316.3305933583116,358.66951019096865,394.84470027154333,380.5315862523208,288.8012486880117,252.8697707706285,225.80173365329497
1056,132.0952085268057,102.62047503226599,119.98482481626759,186.11442493154496,274.1531846913079,341.58357565864986,348.58545778561114,353.43959741815553,340.20479339686426,319.01101494450944,361.3583297072567,398.2398471198976,384.61244603758627,292.96602889753404,257.17732488362526,231.48398942241406
1057,135.80906153010073,102.41499357870063,120.43463337815358,187.22516778058448,274.0750219320367,340.3658115863894,347.51736982969305,351.9266129327433,338.71051869365743,318.3718856342587,360.2648443368962,397.52073439709784,384.8131312677236,294.2855283409335,259.06185721183436,235.1807373324869
1058,138.3866394582827,101.89151730737596,120.3848460469318,187.38093879861273,272.67853140894397,337.4368199380728,344.68357353919004,348.58928802021336,335.4175342815319,316.0916545261493,357.27869929277847,394.7557832342635,383.0359644324048,294.1220983142074,259.4807345354696,237.60518974501534
1059,139.8656006678814,101.06337635108606,119.86363917940928,186.62851084461676,270.03819659469235,332.9034633624033,340.18523475622976,343.5373582833927,330.4375847660454,312.25652840806913,352.5010545214479,390.0369011118258,379.34587013928206,292.5069371699101,258.46483379760787,238.7655031004371
1060,140.32444741999902,99.93911951948238,118.90260363296693,185.02965944135835,266.235403961501,326.88297449924306,334.13577000883066,336.89414935086614,323.8976202017137,306.9655377176028,346.04933130635516,383.47353014893037,373.82911505513556,289.4883600751403,256.070217523768,238.6943745103225
1061,139.91182793836353,98.57753608845658,117.59447638279433,182.7400598555084,261.48328242662893,319.65689095359267,326.8175069616108,328.95520738505417,316.0916064817003,300.4743310566576,338.2142732652584,375.36686868271084,366.76210076157025,285.2615763426017,252.49052429035146,237.54511929297274
1062,138.691768375031,97.02814589169637,115.9991068170249,179.8620990481057,255.94847810781044,311.4583282169624,318.46850287573034,319.973735340266,307.2680704839898,292.99870051514307,329.2519469509508,365.98827229869283,358.3928942279854,279.99349415380544,247.8742483287424,235.4146690888943
1063,136.74242696910733,95.27054005633805,114.10083639595594,176.4047128878192,249.68048586604604,302.3805191839201,309.18998720680037,310.0647558756568,297.54270093201194,284.6311267804558,319.2826714008791,355.46053150529355,348.8329776826457,273.75371721866446,242.3038498119001,232.35066535975238
1064,134.13823164964873,93.26392744416444,111.83655316031738,172.3179798403523,242.7428397886085,292.5468518458583,299.11196980531116,299.371657383149,287.0611165954646,275.49287659277877,308.45175699192725,343.93643591103006,338.2317188285607,266.6438065142148,235.88965785331416,228.4243286715729
1065,130.93699928639242,90.9231864501401,109.05868696987298,167.44626852654878,235.17877914770776,282.0750652115582,288.3620707555882,288.03449110795816,275.9633487803595,265.70098405920413,296.9037081551287,331.56995043495095,326.73589562718655,258.76168711598956,228.73486725744078,223.70319463820695
>>>>>>> Stashed changes
